0 0 0
0.11 0 0
0 0.01 0
0.08 0.01 0
0.09 0.01 0
0.11 0.01 0
0.02 0.03 0
0.04 0.03 0
0.08 0.03 0
0.02 0.07 0
0.04 0.07 0
0.08 0.07 0
0 0.09 0
0.08 0.09 0
0.09 0.09 0
0.11 0.09 0
0 0.1 0
0.11 0.1 0
0.005 0 0
0.01 0 0
0.015 0 0
0.02 0 0
0.025 0 0
0.03 0 0
0.035 0 0
0.04 0 0
0.045 0 0
0.05 0 0
0.055 0 0
0.06 0 0
0.065 0 0
0.07 0 0
0.075 0 0
0.08 0 0
0.085 0 0
0.09 0 0
0.095 0 0
0.1 0 0
0.105 0 0
0.11 0.005 0
0.105643 0.01 0
0.101918 0.01 0
0.0987344 0.01 0
0.0960133 0.01 0
0.0936874 0.01 0
0.0916993 0.01 0
0.09 0.0116667 0
0.09 0.0133333 0
0.09 0.015 0
0.09 0.0166667 0
0.09 0.0183333 0
0.09 0.02 0
0.09 0.0216667 0
0.09 0.0233333 0
0.09 0.025 0
0.09 0.0266667 0
0.09 0.0283333 0
0.09 0.03 0
0.09 0.0316667 0
0.09 0.0333333 0
0.09 0.035 0
0.09 0.0366667 0
0.09 0.0383333 0
0.09 0.04 0
0.09 0.0416667 0
0.09 0.0433333 0
0.09 0.045 0
0.09 0.0466667 0
0.09 0.0483333 0
0.09 0.05 0
0.09 0.0516667 0
0.09 0.0533333 0
0.09 0.055 0
0.09 0.0566667 0
0.09 0.0583333 0
0.09 0.06 0
0.09 0.0616667 0
0.09 0.0633333 0
0.09 0.065 0
0.09 0.0666667 0
0.09 0.0683333 0
0.09 0.07 0
0.09 0.0716667 0
0.09 0.0733333 0
0.09 0.075 0
0.09 0.0766667 0
0.09 0.0783333 0
0.09 0.08 0
0.09 0.0816667 0
0.09 0.0833333 0
0.09 0.085 0
0.09 0.0866667 0
0.09 0.0883333 0
0.0916993 0.09 0
0.0936874 0.09 0
0.0960133 0.09 0
0.0987344 0.09 0
0.101918 0.09 0
0.105643 0.09 0
0.11 0.095 0
0.105 0.1 0
0.1 0.1 0
0.095 0.1 0
0.09 0.1 0
0.085 0.1 0
0.08 0.1 0
0.075 0.1 0
0.07 0.1 0
0.065 0.1 0
0.06 0.1 0
0.055 0.1 0
0.05 0.1 0
0.045 0.1 0
0.04 0.1 0
0.035 0.1 0
0.03 0.1 0
0.025 0.1 0
0.02 0.1 0
0.015 0.1 0
0.01 0.1 0
0.005 0.1 0
0 0.095 0
0 0.085 0
0 0.08 0
0 0.075 0
0 0.07 0
0 0.065 0
0 0.06 0
0 0.055 0
0 0.05 0
0 0.045 0
0 0.04 0
0 0.035 0
0 0.03 0
0 0.025 0
0 0.02 0
0 0.015 0
0 0.005 0
0.025 0.03 0
0.03 0.03 0
0.035 0.03 0
0.04 0.035 0
0.04 0.04 0
0.04 0.045 0
0.04 0.05 0
0.04 0.055 0
0.04 0.06 0
0.04 0.065 0
0.035 0.07 0
0.03 0.07 0
0.025 0.07 0
0.02 0.065 0
0.02 0.06 0
0.02 0.055 0
0.02 0.05 0
0.02 0.045 0
0.02 0.04 0
0.02 0.035 0
0.00474996 0.01 0
0.0093589 0.01 0
0.013831 0.01 0
0.0181704 0.01 0
0.0223809 0.01 0
0.0264664 0.01 0
0.0304307 0.01 0
0.0342772 0.01 0
0.0380096 0.01 0
0.0416312 0.01 0
0.0451452 0.01 0
0.0485549 0.01 0
0.0518634 0.01 0
0.0550737 0.01 0
0.0581887 0.01 0
0.0612112 0.01 0
0.0641439 0.01 0
0.0669896 0.01 0
0.0697509 0.01 0
0.0724301 0.01 0
0.0750298 0.01 0
0.0775524 0.01 0
0.08 0.0125 0
0.08 0.015 0
0.08 0.0175 0
0.08 0.02 0
0.08 0.0225 0
0.08 0.025 0
0.08 0.0275 0
0.0776215 0.03 0
0.0751015 0.03 0
0.0724317 0.03 0
0.0696032 0.03 0
0.0666064 0.03 0
0.0634315 0.03 0
0.0600677 0.03 0
0.056504 0.03 0
0.0527283 0.03 0
0.0487281 0.03 0
0.0444901 0.03 0
0.0444901 0.07 0
0.0487281 0.07 0
0.0527283 0.07 0
0.056504 0.07 0
0.0600677 0.07 0
0.0634315 0.07 0
0.0666064 0.07 0
0.0696032 0.07 0
0.0724317 0.07 0
0.0751015 0.07 0
0.0776215 0.07 0
0.08 0.0725 0
0.08 0.075 0
0.08 0.0775 0
0.08 0.08 0
0.08 0.0825 0
0.08 0.085 0
0.08 0.0875 0
0.0775524 0.09 0
0.0750298 0.09 0
0.0724301 0.09 0
0.0697509 0.09 0
0.0669896 0.09 0
0.0641439 0.09 0
0.0612112 0.09 0
0.0581887 0.09 0
0.0550737 0.09 0
0.0518634 0.09 0
0.0485549 0.09 0
0.0451452 0.09 0
0.0416312 0.09 0
0.0380096 0.09 0
0.0342772 0.09 0
0.0304307 0.09 0
0.0264664 0.09 0
0.0223809 0.09 0
0.0181704 0.09 0
0.013831 0.09 0
0.0093589 0.09 0
0.00474996 0.09 0
0.11 0.085 0
0.11 0.08 0
0.11 0.075 0
0.11 0.07 0
0.11 0.065 0
0.11 0.06 0
0.11 0.055 0
0.11 0.05 0
0.11 0.045 0
0.11 0.04 0
0.11 0.035 0
0.11 0.03 0
0.11 0.025 0
0.11 0.02 0
0.11 0.015 0
0.0700378 0.0199625 0
0.0700378 0.0800375 0
0.0599086 0.0198604 0
0.0599086 0.0801396 0
0.0502092 0.0196108 0
0.0502092 0.0803892 0
0.0400241 0.0805576 0
0.0400241 0.0194424 0
0.0119121 0.078637 0
0.0119038 0.0213713 0
0.0283778 0.0204457 0
0.0283778 0.0795543 0
0.0736737 0.0755735 0
0.0736737 0.0244265 0
0.0739451 0.0158922 0
0.0739451 0.0841078 0
0.0653261 0.0157169 0
0.0653261 0.0842831 0
0.0647985 0.0757817 0
0.0647985 0.0242183 0
0.0107536 0.0590935 0
0.0101333 0.0327121 0
0.0104609 0.067691 0
0.0100202 0.0420258 0
0.0198979 0.0173208 0
0.0199036 0.0826831 0
0.055213 0.0154826 0
0.055213 0.0845174 0
0.0545589 0.0757962 0
0.0545589 0.0242038 0
0.075901 0.0201634 0
0.075901 0.0798366 0
0.0450644 0.0838179 0
0.0450644 0.0161821 0
0.0693506 0.0746907 0
0.0693506 0.0253093 0
0.060627 0.085014 0
0.060627 0.014986 0
0.0698573 0.0145044 0
0.0698573 0.0854956 0
0.0341882 0.016366 0
0.0341882 0.083634 0
0.0454724 0.076434 0
0.0454724 0.023566 0
0.0601177 0.0249792 0
0.0601177 0.0750208 0
0.0122812 0.050125 0
0.0344866 0.0768599 0
0.0344866 0.0231401 0
0.0502092 0.014663 0
0.0502092 0.085337 0
0.00710302 0.0833872 0
0.00710318 0.0166228 0
0.0658632 0.0200048 0
0.0658632 0.0799952 0
0.0768643 0.0732756 0
0.0768643 0.0267244 0
0.00689162 0.0259191 0
0.0398196 0.0854265 0
0.0398196 0.0145735 0
0.0766212 0.0133598 0
0.0766212 0.0866402 0
0.00679314 0.0739501 0
0.0238794 0.0240368 0
0.023887 0.0759659 0
0.0150196 0.0836328 0
0.0150177 0.0163701 0
0.0507672 0.0246202 0
0.0507672 0.0753798 0
0.0142219 0.0275535 0
0.00611827 0.052259 0
0.0143711 0.0725075 0
0.00531668 0.0622923 0
0.0144555 0.0629902 0
0.00558694 0.0372584 0
0.0144989 0.0371747 0
0.0239515 0.0155303 0
0.0239525 0.0844703 0
0.0402363 0.0744535 0
0.0402363 0.0255465 0
0.0769683 0.0773073 0
0.0769683 0.0226927 0
0.0562333 0.0795952 0
0.0562333 0.0204048 0
0.0769234 0.017219 0
0.0769234 0.082781 0
0.0176761 0.0231252 0
0.0736092 0.0128231 0
0.0736092 0.0871769 0
0.0723469 0.0731927 0
0.0723469 0.0268073 0
0.0177473 0.0769125 0
0.030568 0.085129 0
0.030568 0.014871 0
0.0727913 0.0213779 0
0.0727913 0.0786221 0
0.0633041 0.0817624 0
0.0633041 0.0182376 0
0.00559878 0.0464423 0
0.0713783 0.0827829 0
0.0713783 0.0172171 0
0.0634882 0.0867292 0
0.0634882 0.0132708 0
0.0679646 0.0776628 0
0.0679646 0.0223372 0
0.0577309 0.0135755 0
0.0577309 0.0864245 0
0.0688719 0.0173777 0
0.0688719 0.0826223 0
0.0667933 0.0132379 0
0.0667933 0.0867621 0
0.0665544 0.0733841 0
0.0665544 0.0266159 0
0.0282166 0.0253637 0
0.028217 0.0746364 0
0.0534686 0.0130923 0
0.0534686 0.0869077 0
0.00440392 0.0216944 0
0.0633453 0.0267159 0
0.0633453 0.0732841 0
0.0632392 0.0215086 0
0.0632392 0.0784914 0
0.0144544 0.0454131 0
0.00438602 0.0783224 0
0.014663 0.0549021 0
0.00536195 0.0570165 0
0.00501631 0.0310355 0
0.0157708 0.0324881 0
0.00561319 0.0682951 0
0.0462526 0.0800993 0
0.0462526 0.0199007 0
0.0158575 0.0676377 0
0.0472449 0.0867016 0
0.0472449 0.0132984 0
0.0580312 0.0171715 0
0.0580312 0.0828285 0
0.020891 0.0131038 0
0.0208921 0.0868969 0
0.0578614 0.0267447 0
0.0578614 0.0732553 0
0.0366286 0.0867089 0
0.0366286 0.0132911 0
0.0429971 0.0131918 0
0.0429971 0.0868082 0
0.0580964 0.0228213 0
0.0580964 0.0771787 0
0.0711236 0.0123308 0
0.0711236 0.0876692 0
0.07382 0.0814393 0
0.07382 0.0185607 0
0.0716206 0.0762255 0
0.0716206 0.0237745 0
0.0244302 0.0802473 0
0.0244206 0.0197577 0
0.00426443 0.0419838 0
0.0526141 0.0731686 0
0.0526141 0.0268314 0
0.0525579 0.0210028 0
0.0525579 0.0789972 0
0.0115156 0.0861515 0
0.0115153 0.0138504 0
0.0520129 0.0170433 0
0.0520129 0.0829567 0
0.0473505 0.0263128 0
0.0473505 0.0736872 0
0.0361976 0.0801686 0
0.0361976 0.0198314 0
0.0745854 0.0724744 0
0.0745854 0.0275256 0
0.0482356 0.0829552 0
0.0482356 0.0170448 0
0.0781143 0.0207679 0
0.0781143 0.0792321 0
0.0318113 0.0807453 0
0.0318113 0.0192547 0
0.0599579 0.0123804 0
0.0599579 0.0876196 0
0.0721227 0.0146197 0
0.0721227 0.0853803 0
0.0778739 0.0752195 0
0.0778739 0.0247805 0
0.0703674 0.0718823 0
0.0703674 0.0281177 0
0.0779574 0.0152774 0
0.0779574 0.0847226 0
0.0332185 0.0870944 0
0.0332185 0.0129056 0
0.0368122 0.0734966 0
0.0368122 0.0265034 0
0.0432233 0.0811396 0
0.0432233 0.0188604 0
0.0160248 0.0199638 0
0.0159403 0.0414871 0
0.0160472 0.0800567 0
0.0434972 0.0266591 0
0.0434972 0.0733409 0
0.0159516 0.0587227 0
0.0323118 0.0735488 0
0.0323118 0.0264513 0
0.0749588 0.0223952 0
0.0749588 0.0776048 0
0.0629549 0.015782 0
0.0629549 0.084218 0
0.00382778 0.0861801 0
0.0038241 0.0138255 0
0.0624398 0.0761439 0
0.0624398 0.0238561 0
0.00971164 0.0468795 0
0.0107868 0.0752012 0
0.0167286 0.0867204 0
0.0167286 0.0132796 0
0.00982298 0.0637606 0
0.0100428 0.0370946 0
0.0107884 0.0248129 0
0.0780675 0.0719571 0
0.0780675 0.0280429 0
0.00306624 0.0174285 0
0.0487683 0.0225022 0
0.0487683 0.0774978 0
0.0424771 0.0777417 0
0.0424771 0.0222583 0
0.00983562 0.0546792 0
0.0780612 0.01195 0
0.0780612 0.08805 0
0.0782623 0.0189159 0
0.0782623 0.0810841 0
0.0608439 0.0274971 0
0.0608439 0.0725029 0
0.0202485 0.0260391 0
0.0675126 0.0844024 0
0.0675126 0.0155976 0
0.0202953 0.0739825 0
0.0166782 0.0514107 0
0.0689029 0.0120146 0
0.0689029 0.0879854 0
0.00306336 0.0825779 0
0.0111899 0.0822233 0
0.0111899 0.0177767 0
0.0378442 0.0831875 0
0.0378442 0.0168125 0
0.0502092 0.0120381 0
0.0502092 0.0879619 0
0.00313576 0.0727236 0
0.00326237 0.0267298 0
0.0382626 0.0774224 0
0.0382626 0.0225776 0
0.0701714 0.0776917 0
0.0701714 0.0223083 0
0.0607378 0.0173409 0
0.0607378 0.0826591 0
0.0672293 0.0244457 0
0.0672293 0.0755543 0
0.0606752 0.02254 0
0.0606752 0.07746 0
0.0652669 0.0118109 0
0.0652669 0.0881891 0
0.0272413 0.0133114 0
0.0272415 0.0866887 0
0.0719995 0.019341 0
0.0719995 0.080659 0
0.00731105 0.0871438 0
0.00731029 0.0128597 0
0.0756343 0.0118113 0
0.0756343 0.0881887 0
0.0500774 0.0273368 0
0.0500774 0.0726632 0
0.0398204 0.0879334 0
0.0398204 0.0120666 0
0.0762966 0.0715076 0
0.0762966 0.0284924 0
0.0650189 0.0716457 0
0.0650189 0.0283543 0
0.0417121 0.016428 0
0.0417121 0.083572 0
0.0302522 0.0228554 0
0.0302523 0.0771447 0
0.0680558 0.0283662 0
0.0680558 0.0716338 0
0.0242164 0.0124924 0
0.0242164 0.0875076 0
0.0759134 0.0751023 0
0.0759134 0.0248977 0
0.00943452 0.0285359 0
0.0679255 0.0194867 0
0.0679255 0.0805133 0
0.0759187 0.0151197 0
0.0759187 0.0848803 0
0.0086072 0.0790276 0
0.014123 0.0233653 0
0.00862142 0.0209625 0
0.0207133 0.0215189 0
0.0141729 0.076663 0
0.00363064 0.0495816 0
0.0207663 0.0785091 0
0.0663526 0.0177974 0
0.0663526 0.0822026 0
0.009605 0.071529 0
0.0556612 0.012273 0
0.0556612 0.087727 0
0.0545548 0.018267 0
0.0545548 0.081733 0
0.0549388 0.0720036 0
0.0549388 0.0279964 0
0.0277531 0.0171321 0
0.0277544 0.0828686 0
0.017076 0.047954 0
0.0264966 0.0224807 0
0.0264975 0.0775197 0
0.0658577 0.0222595 0
0.0658577 0.0777405 0
0.0785611 0.0735904 0
0.0785611 0.0264096 0
0.078528 0.0136174 0
0.078528 0.0863826 0
0.0297505 0.0574441 0
0.0299591 0.0428394 0
0.0278125 0.05 0
0.0337233 0.0626892 0
0.033681 0.0370929 0
0.0262326 0.0630699 0
0.0262326 0.0369301 0
0.0339063 0.0522917 0
0.034306 0.0464062 0
0.0255776 0.0546948 0
0.0253669 0.0452177 0
0.0343106 0.0580967 0
0.0350073 0.0410601 0
0.0249155 0.0591773 0
0.0247263 0.0407818 0
0.0299945 0.0661996 0
0.0299892 0.0337732 0
0.0301976 0.0466266 0
0.0300707 0.0537107 0
0.0233683 0.0486686 0
0.0240127 0.0661463 0
0.0240118 0.0338491 0
0.0359706 0.0660638 0
0.0359627 0.0338953 0
0.029999 0.0614237 0
0.029999 0.0385763 0
0.0370266 0.0624618 0
0.0370603 0.0374808 0
0.0229425 0.0626443 0
0.0229527 0.0373348 0
0.0363456 0.0495305 0
0.0228653 0.0521985 0
0.0991376 0.0808333 0
0.0989185 0.0190474 0
0.0983588 0.0725469 0
0.0995381 0.062331 0
0.0995593 0.0524798 0
0.0994745 0.042467 0
0.0997537 0.0327225 0
0.0968789 0.0259671 0
0.0964546 0.0575711 0
0.0962021 0.0475 0
0.0963367 0.0370723 0
0.0957339 0.0675474 0
0.0946309 0.0625242 0
0.0951316 0.0148151 0
0.0950055 0.0850365 0
0.0952439 0.077453 0
0.0943943 0.0191667 0
0.0950871 0.0308333 0
0.0947251 0.0525 0
0.0947246 0.0425046 0
0.0944216 0.072429 0
0.0937695 0.0807681 0
0.0930234 0.0273913 0
0.0929233 0.0343765 0
0.0932458 0.0225577 0
0.102889 0.0244691 0
0.101432 0.067551 0
0.103946 0.0160662 0
0.103879 0.0840939 0
0.102798 0.0762222 0
0.0931773 0.0557817 0
0.0930684 0.0593127 0
0.0931771 0.0492183 0
0.0931728 0.0457977 0
0.0929657 0.0390066 0
0.101405 0.0375 0
0.101405 0.0474998 0
0.101107 0.0570569 0
0.0928983 0.0692984 0
0.0928629 0.0656491 0
0.0926933 0.0126066 0
0.0926933 0.0873934 0
0.0993779 0.0855125 0
0.0993779 0.0144875 0
0.0927264 0.0758014 0
0.100069 0.0763655 0
0.0928243 0.0843061 0
0.092904 0.0158951 0
0.100982 0.0281066 0
0.0969846 0.0217278 0
0.0927397 0.0308333 0
0.0926591 0.0625065 0
0.104985 0.0312616 0
0.0926656 0.0525 0
0.092666 0.0425011 0
0.105534 0.0541357 0
0.106011 0.0429343 0
0.104885 0.0643094 0
0.0926231 0.0787272 0
0.0930718 0.0249891 0
0.0927524 0.0366717 0
0.10279 0.0717382 0
0.096247 0.0824308 0
0.0970631 0.0344947 0
0.0976542 0.0646212 0
0.103728 0.0197832 0
0.0920884 0.0191746 0
0.0966311 0.0172252 0
0.0975492 0.0604824 0
0.0961415 0.0746528 0
0.0994584 0.0234396 0
0.103251 0.0803185 0
0.0919158 0.0575153 0
0.0919306 0.0475005 0
0.0970201 0.0872498 0
0.0970201 0.0127502 0
0.0975551 0.0503062 0
0.0975881 0.0546568 0
0.0976119 0.0447063 0
0.0980033 0.0406267 0
0.0919776 0.0725 0
0.0950814 0.0699357 0
0.097794 0.028997 0
0.0918462 0.0675 0
0.105677 0.0599534 0
0.0946855 0.0120382 0
0.0946789 0.087954 0
0.105917 0.0686545 0
0.105658 0.0474209 0
0.105546 0.0392885 0
0.0919106 0.0824779 0
0.0916296 0.0858109 0
0.0916253 0.0142186 0
0.0978343 0.0696171 0
0.0959721 0.0799187 0
0.0952135 0.0239388 0
0.0916714 0.0291694 0
0.0916694 0.0325091 0
0.0916745 0.0608778 0
0.0916394 0.0641207 0
0.0916353 0.0508333 0
0.0916353 0.0541667 0
0.0916352 0.0441667 0
0.0916591 0.0408341 0
0.0916214 0.0213703 0
0.104809 0.0353069 0
0.0944428 0.0169236 0
0.0915414 0.0173565 0
0.103059 0.0509291 0
0.106394 0.0270507 0
0.0915703 0.0706613 0
0.0915473 0.0744304 0
0.0913639 0.0274923 0
0.091258 0.0341979 0
0.0914101 0.0591817 0
0.0914546 0.0558333 0
0.0914546 0.0491667 0
0.0914546 0.0458333 0
0.0912661 0.0391439 0
0.0939101 0.0828921 0
0.091812 0.0803285 0
0.0953041 0.0650824 0
0.106289 0.0733556 0
0.0991141 0.0358075 0
0.10664 0.022298 0
0.106695 0.0821923 0
0.102248 0.0131417 0
0.102244 0.0868666 0
0.0918136 0.0234135 0
0.10684 0.0177675 0
0.0947052 0.0357778 0
0.0952557 0.0602013 0
0.101114 0.0830776 0
0.101139 0.0170595 0
0.0974705 0.0317267 0
0.0935085 0.0440314 0
0.095344 0.0451868 0
0.0934577 0.0610845 0
0.0934728 0.0409423 0
0.0953485 0.039865 0
0.09347 0.0540023 0
0.0952725 0.05499 0
0.09347 0.0509977 0
0.095349 0.0498649 0
0.097232 0.0846357 0
0.0952218 0.0281315 0
0.0913217 0.0691626 0
0.0912697 0.0657873 0
0.10066 0.0739598 0
0.0987809 0.0471459 0
0.0915517 0.0115491 0
0.0915517 0.0884509 0
0.102487 0.0408293 0
0.098893 0.0566389 0
0.0915316 0.0774203 0
0.0935487 0.0292718 0
0.10641 0.0863588 0
0.106446 0.0136626 0
0.0966539 0.0194343 0
0.0935396 0.0323432 0
0.0913805 0.0376093 0
0.0972374 0.0150777 0
0.106505 0.0778481 0
0.093506 0.0640226 0
0.0915455 0.0258255 0
0.0913857 0.0357537 0
0.0937132 0.0675006 0
0.0934079 0.0741498 0
0.0979877 0.0775219 0
0.0998784 0.0650848 0
0.0911611 0.0758637 0
0.0932948 0.0709231 0
0.102466 0.060457 0
0.0942092 0.0575479 0
0.0941959 0.0475114 0
0.100059 0.0498195 0
0.0948445 0.0211236 0
0.100301 0.0706868 0
0.10074 0.0784024 0
0.099859 0.0879258 0
0.0998597 0.0120759 0
0.102286 0.0444524 0
0.0951315 0.0332587 0
0.102178 0.054331 0
0.0942816 0.079052 0
0.0963675 0.0718363 0
0.100825 0.0210731 0
0.10204 0.0338751 0
0.0933295 0.0859504 0
0.0933084 0.0141355 0
0.100011 0.0398772 0
0.1021 0.0306739 0
0.107021 0.0570126 0
0.0943202 0.0757376 0
0.0931323 0.0178916 0
0.0911933 0.0789619 0
0.0993348 0.0259724 0
0.0985896 0.0831983 0
0.0968855 0.062567 0
0.0912729 0.0841856 0
0.0912141 0.0158274 0
0.0943147 0.0376607 0
0.0946819 0.0260836 0
0.0974058 0.0240821 0
0.0912161 0.0308357 0
0.0995929 0.0591457 0
0.107641 0.0623157 0
0.0978418 0.0667262 0
0.091246 0.087181 0
0.0912458 0.0128206 0
0.0932389 0.0206786 0
0.0911946 0.062501 0
0.0970225 0.0524999 0
0.0969232 0.0425216 0
0.0911872 0.0525 0
0.0911921 0.0425004 0
0.0981603 0.0384243 0
0.0928829 0.011229 0
0.0928819 0.0887699 0
0.103758 0.0282953 0
0.0998243 0.0549559 0
0.0998182 0.0450139 0
0.103997 0.0571578 0
0.0997879 0.0302261 0
0.0989182 0.0166512 0
0.0986434 0.0750094 0
0.106959 0.0512991 0
0.101851 0.0638996 0
0.0908587 0.022446 0
0.107354 0.0332079 0
0.0934545 0.0773653 0
0.0708133 0.0508333 0
0.0789308 0.0591089 0
0.0791667 0.0408333 0
0.0814103 0.0508333 0
0.0582921 0.0442227 0
0.068903 0.0406082 0
0.0590325 0.0574459 0
0.0696232 0.0603797 0
0.0834615 0.0641667 0
0.0834615 0.0358333 0
0.0841101 0.0442351 0
0.0843798 0.0557587 0
0.0761118 0.0467704 0
0.085 0.0291667 0
0.0850694 0.0241667 0
0.0850699 0.0191667 0
0.0850699 0.0141667 0
0.085 0.0691667 0
0.0850694 0.0741667 0
0.0850699 0.0791667 0
0.0850699 0.0841667 0
0.0851761 0.0894335 0
0.0500604 0.051141 0
0.074017 0.0365863 0
0.0761118 0.0538755 0
0.0507699 0.0605398 0
0.0849208 0.00927119 0
0.0748998 0.0637449 0
0.0853194 0.0493224 0
0.0508224 0.0393999 0
0.0612527 0.0373162 0
0.0632881 0.0504698 0
0.0855197 0.039779 0
0.0851625 0.0602131 0
0.0631151 0.0629937 0
0.0743259 0.0419088 0
0.0789326 0.03466 0
0.0671908 0.0550935 0
0.0863491 0.0327661 0
0.086721 0.0524323 0
0.080468 0.0465758 0
0.0741698 0.0587607 0
0.0793692 0.0654583 0
0.0673886 0.0462758 0
0.0867687 0.0658299 0
0.086688 0.094594 0
0.0801997 0.0548601 0
0.0695508 0.0346653 0
0.091539 0.0942905 0
0.0926933 0.00478337 0
0.0881065 0.005794 0
0.0868229 0.045808 0
0.0569941 0.0639448 0
0.0704789 0.0655555 0
0.0869879 0.0362839 0
0.0870419 0.0575 0
0.0871323 0.0425303 0
0.056754 0.0510547 0
0.0637075 0.0427606 0
0.0973739 0.00546936 0
0.0714307 0.0459176 0
0.0869982 0.0628176 0
0.0826298 0.0322002 0
0.0821326 0.0609636 0
0.081716 0.0387039 0
0.0559266 0.0359615 0
0.0778999 0.0503255 0
0.0944362 0.0941192 0
0.0717923 0.0547597 0
0.0868869 0.0715376 0
0.086886 0.0267951 0
0.0817941 0.00577321 0
0.0466976 0.0451386 0
0.0869037 0.08679 0
0.0869036 0.0765433 0
0.0869037 0.0815433 0
0.0869035 0.0217901 0
0.0869011 0.0166667 0
0.082491 0.0673277 0
0.0830511 0.0927234 0
0.0789547 0.0951394 0
0.0738834 0.0951836 0
0.087289 0.0120962 0
0.0762351 0.00490652 0
0.0537126 0.0560817 0
0.0835332 0.0528432 0
0.0705871 0.00550806 0
0.0686124 0.0952362 0
0.0625868 0.0959155 0
0.0626776 0.00483783 0
0.0875772 0.0689914 0
0.0809814 0.0433792 0
0.0875719 0.0291667 0
0.0773796 0.0378951 0
0.0834228 0.0470875 0
0.0461162 0.0565557 0
0.083144 0.0267018 0
0.0829886 0.0718203 0
0.0775144 0.0436379 0
0.0818757 0.0579046 0
0.083162 0.0867251 0
0.0830828 0.0766669 0
0.0874214 0.054949 0
0.0832007 0.0814889 0
0.0831662 0.0167221 0
0.0831698 0.0217213 0
0.0654217 0.0593279 0
0.0528595 0.0463001 0
0.0776144 0.0622706 0
0.0566312 0.00498825 0
0.0566312 0.0950118 0
0.100135 0.0952516 0
0.0876986 0.0891948 0
0.0876051 0.0741667 0
0.0876054 0.0791667 0
0.0755569 0.0333322 0
0.0876051 0.0241667 0
0.0876054 0.0841667 0
0.0876054 0.0191667 0
0.0466091 0.0647065 0
0.0646816 0.0340966 0
0.0831905 0.0115631 0
0.0741364 0.0496807 0
0.0660407 0.066051 0
0.0832862 0.041532 0
0.0462211 0.0351025 0
0.0462636 0.00466706 0
0.0462636 0.0953329 0
0.0876147 0.0392764 0
0.103197 0.00385088 0
0.0760574 0.066783 0
0.0906108 0.00664012 0
0.0717383 0.0339565 0
0.0777106 0.0561382 0
0.0876711 0.0507172 0
0.0875633 0.0474446 0
0.0874289 0.00993009 0
0.0667164 0.0512639 0
0.0323044 0.00380253 0
0.0323044 0.0961975 0
0.0517404 0.0051093 0
0.0517404 0.0948907 0
0.0874926 0.0345073 0
0.0660341 0.0377199 0
0.0716639 0.0388112 0
0.0398433 0.00450971 0
0.0398433 0.0954903 0
0.0880857 0.0608852 0
0.0810543 0.0366339 0
0.0625663 0.0542183 0
0.0809799 0.0633692 0
0.0878213 0.092203 0
0.0524118 0.0653327 0
0.0631252 0.0464819 0
0.087862 0.0315594 0
0.0549881 0.0404287 0
0.0727145 0.061352 0
0.0600057 0.0659856 0
0.0668359 0.00534909 0
0.0596322 0.0479826 0
0.087822 0.0147429 0
0.0244774 0.00541768 0
0.0244774 0.0945823 0
0.0727138 0.066871 0
0.0520685 0.0343982 0
0.0461529 0.0399942 0
0.0698033 0.0568952 0
0.0794189 0.0523433 0
0.0455531 0.0498491 0
0.0825275 0.0840249 0
0.0824996 0.0792164 0
0.0823721 0.0191209 0
0.0596091 0.0344976 0
0.0825214 0.0741814 0
0.0166289 0.00475416 0
0.0166289 0.0952458 0
0.0850895 0.0579359 0
0.0823829 0.0241097 0
0.0819328 0.0284989 0
0.0881719 0.0441602 0
0.00745152 0.00475077 0
0.00745152 0.0952492 0
0.0849266 0.062325 0
0.082524 0.0140283 0
0.0707346 0.0429537 0
0.0844076 0.0669797 0
0.076221 0.0400363 0
0.0672919 0.0615927 0
0.081982 0.0886306 0
0.0948954 0.00715055 0
0.0845975 0.0378326 0
0.0596818 0.0603548 0
0.0832637 0.0494155 0
0.105564 0.0948783 0
0.0767068 0.0600531 0
0.0926933 0.0923455 0
0.0883212 0.0675035 0
0.0603616 0.0409481 0
0.0798591 0.0489689 0
0.0787762 0.00703066 0
0.0735925 0.0524994 0
0.0561013 0.059181 0
0.0880793 0.0643547 0
0.0856202 0.0348902 0
0.0736202 0.00698003 0
0.0848008 0.051171 0
0.06951 0.0531002 0
0.0804245 0.0324238 0
0.0846966 0.0313557 0
0.0889548 0.00817948 0
0.0823327 0.0094701 0
0.0710996 0.0930161 0
0.0851023 0.00553876 0
0.065561 0.0931396 0
0.0753399 0.0444586 0
0.0858883 0.0542615 0
0.0884427 0.0408725 0
0.0696665 0.0479309 0
0.0596999 0.00678247 0
0.059674 0.0931911 0
0.0882763 0.0589522 0
0.0817091 0.0343415 0
0.0762809 0.0930771 0
0.0825829 0.0548248 0
0.082177 0.0452953 0
0.0828683 0.069503 0
0.0668066 0.0430982 0
0.0883726 0.0377066 0
0.0856459 0.0115527 0
0.0885074 0.0523835 0
0.0855322 0.0641482 0
0.0823214 0.0963551 0
0.0432877 0.00671974 0
0.0432877 0.0932803 0
0.0855325 0.0473551 0
0.0798024 0.0386877 0
0.0973739 0.0925072 0
0.0288824 0.00665273 0
0.0288824 0.0933473 0
0.0853873 0.0918831 0
0.0440479 0.0610921 0
0.0745525 0.0558462 0
0.0789095 0.0680091 0
0.0883111 0.0726817 0
0.0362189 0.00672645 0
0.0362189 0.0932736 0
0.088311 0.0256516 0
0.0850647 0.0424247 0
0.0860666 0.0441142 0
0.0800085 0.0571443 0
0.0118515 0.00632855 0
0.0118515 0.0936715 0
0.0883136 0.085649 0
0.0206634 0.00664775 0
0.0206634 0.0933523 0
0.0883135 0.0776843 0
0.0883136 0.0826843 0
0.0883135 0.0206491 0
0.0883453 0.0177346 0
0.0777902 0.0324605 0
0.0862166 0.0677031 0
0.0833212 0.0593486 0
0.0716274 0.036074 0
0.0623517 0.0575813 0
0.0629492 0.0662903 0
0.0676582 0.0325548 0
0.0883145 0.0877107 0
0.0925467 0.00800959 0
0.0883294 0.0756587 0
0.0883296 0.0806587 0
0.0883294 0.0226747 0
0.10032 0.00705166 0
0.084164 0.0335642 0
0.0882843 0.0705981 0
0.0799557 0.0613504 0
0.0598543 0.0521453 0
0.0883092 0.0276543 0
0.0764732 0.0354696 0
0.0681081 0.0674453 0
0.0812968 0.0410283 0
0.0783142 0.0472188 0
0.0884481 0.0329999 0
0.0743082 0.0390759 0
0.0717884 0.0588421 0
0.0885821 0.0460966 0
0.055971 0.0471203 0
0.0817158 0.0528146 0
0.0903409 0.0918595 0
0.0849735 0.0711442 0
0.085108 0.0271252 0
0.0816612 0.065434 0
0.0655575 0.0485784 0
0.0883107 0.0562474 0
0.085106 0.0871735 0
0.0928585 0.0970218 0
0.0817188 0.0481404 0
0.0851308 0.0762128 0
0.0762911 0.0077433 0
0.0851458 0.0811873 0
0.0851434 0.0221284 0
0.085136 0.0171142 0
0.0770487 0.0647635 0
0.073814 0.0471373 0
0.0508908 0.0432571 0
0.0724867 0.0640893 0
0.088598 0.0625 0
0.0865241 0.0303627 0
0.0499936 0.0569168 0
0.0553778 0.0670892 0
0.0737448 0.0922554 0
0.0582915 0.0384496 0
0.0862014 0.0560787 0
0.0690642 0.0372255 0
0.0569636 0.0546629 0
0.096634 0.0964833 0
0.0546893 0.0327622 0
0.0757896 0.0514542 0
0.0887152 0.0425064 0
0.0623835 0.0325977 0
0.106407 0.00629484 0
0.0657447 0.0407638 0
0.0736596 0.0320778 0
0.0781809 0.0540716 0
0.0886396 0.0357219 0
0.0794553 0.0449221 0
0.0863848 0.0378774 0
0.0885776 0.0491435 0
0.0863626 0.00769819 0
0.0692166 0.0447988 0
0.0884934 0.011313 0
0.0886541 0.05422 0
0.0612636 0.04416 0
0.0701059 0.0629096 0
0.0709517 0.0080614 0
0.0720174 0.0487841 0
0.083075 0.0512676 0
0.0887569 0.0658333 0
0.0536852 0.0526162 0
0.0750069 0.0614473 0
0.0596168 0.00340321 0
0.0596168 0.0965968 0
0.0498721 0.0475096 0
0.0683703 0.0923296 0
0.0886137 0.0161622 0
0.0835092 0.0396817 0
0.0849317 0.0457061 0
0.0649236 0.0533251 0
0.0892791 0.096201 0
0.0536044 0.0619405 0
0.086676 0.059349 0
0.0865163 0.0409778 0
0.0728846 0.0438674 0
0.0626354 0.0924492 0
0.0626599 0.00790404 0
0.0973739 0.00793898 0
0.0810075 0.0594745 0
0.053755 0.00692453 0
0.053755 0.0930755 0
0.0431745 0.036854 0
0.0869974 0.00295707 0
0.0804881 0.092524 0
0.0635137 0.0393284 0
0.0760294 0.048795 0
0.0628019 0.0604936 0
0.0830349 0.0624665 0
0.0706671 0.0679744 0
0.0433752 0.0434083 0
0.0787953 0.0366299 0
0.068447 0.00780308 0
0.0836061 0.090416 0
0.0760866 0.0425274 0
0.082905 0.0375783 0
0.0863602 0.0700386 0
0.086359 0.0282394 0
0.0427846 0.0970432 0
0.0427846 0.00295684 0
0.055102 0.0438124 0
0.0793547 0.0426066 0
0.0864331 0.0612322 0
0.0862244 0.0730759 0
0.0862421 0.0252478 0
0.0827345 0.0431108 0
0.0762051 0.0579748 0
0.0531715 0.0493713 0
0.0863377 0.0881746 0
0.0498942 0.00702193 0
0.0498942 0.0929781 0
0.0948469 0.0917613 0
0.0764568 0.0969279 0
0.086391 0.0751097 0
0.067678 0.0587039 0
0.0862457 0.0852545 0
0.0862493 0.0780864 0
0.0863931 0.0801091 0
0.0862383 0.0830964 0
0.0863924 0.0232236 0
0.086251 0.0202481 0
0.0863377 0.0181746 0
0.0436535 0.0535915 0
0.100277 0.0920764 0
0.0494119 0.0668967 0
0.0435307 0.0664351 0
0.0861482 0.0152706 0
0.0817377 0.0306309 0
0.0816228 0.0563892 0
0.0652923 0.00764901 0
0.0885241 0.0133591 0
0.08857 0.0302126 0
0.0430551 0.0334384 0
0.0566312 0.00773613 0
0.0566433 0.0922609 0
0.0899828 0.00315965 0
0.0368583 0.0030284 0
0.0368583 0.0969716 0
0.0806147 0.0669672 0
0.0884817 0.0905057 0
0.0789808 0.00311814 0
0.0887389 0.0575846 0
0.0579316 0.0675502 0
0.066352 0.0968583 0
0.0833371 0.0571446 0
0.0889512 0.0507822 0
0.027706 0.00302982 0
0.027706 0.0969702 0
0.103222 0.0926231 0
0.073788 0.0345389 0
0.0679135 0.0645477 0
0.0774252 0.0524759 0
0.00301866 0.0934715 0
0.00301866 0.00652852 0
0.0867842 0.0905546 0
0.0889446 0.0475369 0
0.053257 0.0377189 0
0.0715481 0.0527248 0
0.0727201 0.00327996 0
0.0704162 0.0321327 0
0.088863 0.0691085 0
0.0477581 0.0537074 0
0.0478541 0.060576 0
0.0431186 0.0467929 0
0.103578 0.00751954 0
0.0745138 0.0680912 0
0.0809976 0.00796828 0
0.0427635 0.0572478 0
0.0683962 0.00287096 0
0.0651774 0.0680599 0
0.0712615 0.096837 0
0.049961 0.0634214 0
0.0852224 0.0526863 0
0.0959868 0.00327724 0
0.086278 0.0510098 0
0.0907623 0.00856584 0
0.0889477 0.0891667 0
0.0815841 0.0707613 0
0.079647 0.0506177 0
0.0843549 0.0728249 0
0.0889117 0.0741672 0
0.088912 0.0791674 0
0.0889117 0.0241661 0
0.102984 0.0971709 0
0.0889108 0.0841667 0
0.0888993 0.0191718 0
0.0744752 0.0656729 0
0.0843337 0.0253698 0
0.0466291 0.0923183 0
0.0466291 0.00768174 0
0.0790345 0.0635876 0
0.0650189 0.0317911 0
0.0843979 0.0855911 0
0.083585 0.00761995 0
0.0687935 0.0501137 0
0.0843545 0.0778801 0
0.0833377 0.0658361 0
0.0852873 0.0364435 0
0.0889357 0.0342708 0
0.0843846 0.0482951 0
0.0843839 0.0826722 0
0.084393 0.015588 0
0.0843405 0.0203758 0
0.0649993 0.0566612 0
0.0995558 0.0035929 0
0.0530326 0.0588993 0
0.0668284 0.035454 0
0.0874384 0.0536493 0
0.0818255 0.0908588 0
0.0726315 0.0568229 0
0.0837439 0.0282356 0
0.0600875 0.055003 0
0.0653078 0.0451219 0
0.0840979 0.0542763 0
0.0837391 0.0610772 0
0.078149 0.0396003 0
0.0812007 0.0687682 0
0.107578 0.0925001 0
0.0639817 0.0364616 0
0.0606052 0.0633571 0
0.0837934 0.0884049 0
0.0759796 0.0316245 0
0.0783591 0.0920309 0
0.0773471 0.0454016 0
0.0777487 0.0415403 0
0.0864114 0.0134085 0
0.0488559 0.0330701 0
0.0813162 0.08625 0
0.0817367 0.075859 0
0.0843806 0.0126715 0
0.0814362 0.0813214 0
0.0814241 0.0163317 0
0.0814533 0.0213727 0
0.0851248 0.0655625 0
0.0765745 0.0683606 0
0.0813021 0.02625 0
0.0213539 0.00336392 0
0.0213539 0.0966361 0
0.0814662 0.0113838 0
0.0829791 0.00289786 0
0.0834076 0.0300195 0
0.0836917 0.0682443 0
0.0869522 0.0491763 0
0.0889295 0.0392174 0
0.0572582 0.0325474 0
0.107262 0.00273778 0
0.0843425 0.094869 0
0.01234 0.00289042 0
0.01234 0.0971096 0
0.0838843 0.0799904 0
0.0783269 0.0606918 0
0.0839043 0.0183662 0
0.0888902 0.0290734 0
0.0838008 0.0751073 0
0.0721129 0.0411785 0
0.0839131 0.0233654 0
0.107484 0.0974839 0
0.0575576 0.0415523 0
0.081693 0.0726924 0
0.0652339 0.00308863 0
0.0324227 0.00743634 0
0.0324227 0.0925637 0
0.0648206 0.0615083 0
0.084694 0.040983 0
0.0816981 0.0776632 0
0.0688767 0.0427925 0
0.0755376 0.0377117 0
0.051042 0.0540926 0
0.0398045 0.0923149 0
0.0398045 0.00768514 0
0.0536296 0.0968452 0
0.0536296 0.00315475 0
0.00299499 0.00307755 0
0.00299499 0.0969224 0
0.062105 0.0350296 0
0.0836355 0.0456365 0
0.04939 0.0364035 0
0.0653552 0.0638306 0
0.0889347 0.0939116 0
0.046554 0.0676077 0
0.0862718 0.0970032 0
0.0776952 0.0666082 0
0.0494213 0.0966745 0
0.0494213 0.00332551 0
0.067625 0.0485502 0
0.0724967 0.0508924 0
