1 1 0
2 1 0
1 2 0
2 2 0
1.05 2 0
1.1 2 0
1.15 2 0
1.2 2 0
1.25 2 0
1.3 2 0
1.35 2 0
1.4 2 0
1.45 2 0
1.5 2 0
1.55 2 0
1.6 2 0
1.65 2 0
1.7 2 0
1.75 2 0
1.8 2 0
1.85 2 0
1.9 2 0
1.95 2 0
2 1.95 0
2 1.9 0
2 1.85 0
2 1.8 0
2 1.75 0
2 1.7 0
2 1.65 0
2 1.6 0
2 1.55 0
2 1.5 0
2 1.45 0
2 1.4 0
2 1.35 0
2 1.3 0
2 1.25 0
2 1.2 0
2 1.15 0
2 1.1 0
2 1.05 0
1.95 1 0
1.9 1 0
1.85 1 0
1.8 1 0
1.75 1 0
1.7 1 0
1.65 1 0
1.6 1 0
1.55 1 0
1.5 1 0
1.45 1 0
1.4 1 0
1.35 1 0
1.3 1 0
1.25 1 0
1.2 1 0
1.15 1 0
1.1 1 0
1.05 1 0
1 1.05 0
1 1.1 0
1 1.15 0
1 1.2 0
1 1.25 0
1 1.3 0
1 1.35 0
1 1.4 0
1 1.45 0
1 1.5 0
1 1.55 0
1 1.6 0
1 1.65 0
1 1.7 0
1 1.75 0
1 1.8 0
1 1.85 0
1 1.9 0
1 1.95 0
1.49953 1.49866 0
1.28507 1.71648 0
1.70714 1.70714 0
1.70704 1.29408 0
1.29101 1.28919 0
1.22242 1.49826 0
1.5 1.78031 0
1.78031 1.5 0
1.51284 1.22391 0
1.832 1.83099 0
1.17102 1.82898 0
1.83099 1.168 0
1.16901 1.168 0
1.56699 1.35984 0
1.35984 1.56699 0
1.56699 1.64016 0
1.84902 1.36081 0
1.15401 1.63969 0
1.3576 1.83739 0
1.63891 1.84512 0
1.63969 1.15401 0
1.36031 1.15401 0
1.15401 1.36031 0
1.84418 1.63704 0
1.36598 1.42103 0
1.63797 1.47936 0
1.41854 1.68113 0
1.41655 1.30552 0
1.70395 1.59135 0
1.53468 1.88795 0
1.8802 1.46206 0
1.11439 1.53427 0
1.46563 1.12187 0
1.72132 1.40401 0
1.26877 1.40034 0
1.89125 1.26083 0
1.11599 1.73689 0
1.10875 1.26083 0
1.738 1.11257 0
1.25715 1.10414 0
1.73917 1.89125 0
1.26083 1.89125 0
1.89005 1.73897 0
1.26399 1.59598 0
1.604 1.74284 0
1.604 1.25716 0
1.47495 1.39915 0
1.47651 1.59889 0
1.90045 1.90201 0
1.09917 1.90192 0
1.90201 1.09955 0
1.09799 1.09955 0
1.56409 1.0971 0
1.90251 1.56193 0
1.43591 1.9029 0
1.0971 1.43591 0
1.79314 1.74473 0
1.74305 1.20633 0
1.258 1.20433 0
1.2577 1.79411 0
1.72084 1.7996 0
1.80435 1.27721 0
1.2004 1.72084 0
1.19672 1.27779 0
1.31299 1.4945 0
1.57419 1.54227 0
1.3727 1.75578 0
1.41055 1.49744 0
1.50255 1.30652 0
1.50234 1.69535 0
1.35255 1.24116 0
1.65045 1.36018 0
1.78089 1.58393 0
1.5638 1.44441 0
1.81827 1.08161 0
1.17502 1.91325 0
1.91839 1.81827 0
1.08481 1.18447 0
1.18173 1.08161 0
1.91519 1.18447 0
1.08161 1.81827 0
1.81553 1.91519 0
1.64756 1.65169 0
1.34581 1.64637 0
1.6084 1.92004 0
1.92004 1.3916 0
1.39215 1.07827 0
1.07996 1.6084 0
1.07388 1.34356 0
1.92825 1.66107 0
1.65552 1.0746 0
1.34361 1.92608 0
1.7985 1.42327 0
1.43489 1.82289 0
1.57115 1.18062 0
1.17664 1.43562 0
1.77107 1.66211 0
1.42667 1.20296 0
1.56759 1.81794 0
1.1809 1.56971 0
1.34876 1.34569 0
1.7753 1.35501 0
1.70711 1.51336 0
1.66646 1.21863 0
1.6823 1.93147 0
1.93147 1.3177 0
1.06853 1.6823 0
1.32243 1.06894 0
1.43987 1.7466 0
1.84297 1.54686 0
1.22222 1.34547 0
1.40404 1.615 0
1.24563 1.66673 0
1.64633 1.54825 0
1.65707 1.78222 0
1.62907 1.40689 0
1.42247 1.36512 0
1.28956 1.54809 0
1.5133 1.06489 0
1.4867 1.93511 0
1.06489 1.4867 0
1.9323 1.51938 0
1.30641 1.80298 0
1.42796 1.5414 0
1.60862 1.60354 0
1.44682 1.2552 0
1.49991 1.15202 0
1.49366 1.83965 0
1.15157 1.49934 0
1.30862 1.15223 0
1.69519 1.15264 0
1.84809 1.69749 0
1.54393 1.26646 0
1.71209 1.64628 0
1.15957 1.23063 0
1.84053 1.23058 0
1.16038 1.77106 0
1.7689 1.83893 0
1.53088 1.73177 0
1.39537 1.93937 0
1.94043 1.60729 0
1.60449 1.06075 0
1.06063 1.39536 0
1.5188 1.55672 0
1.60866 1.31736 0
1.4547 1.459 0
1.69382 1.46241 0
1.05843 1.94157 0
1.94157 1.94157 0
1.94157 1.05843 0
1.05843 1.05843 0
1.31575 1.43278 0
1.26087 1.45827 0
1.94355 1.23457 0
1.76883 1.0558 0
1.94434 1.76888 0
1.23167 1.05534 0
1.05559 1.23135 0
1.05645 1.76543 0
1.76543 1.94355 0
1.22664 1.94336 0
1.84495 1.77626 0
1.77589 1.15534 0
1.22347 1.84225 0
1.22359 1.15096 0
1.44512 1.05774 0
1.05187 1.55291 0
1.94267 1.44319 0
1.55303 1.94809 0
1.85079 1.41609 0
1.83668 1.46453 0
1.30441 1.85446 0
1.69395 1.85177 0
1.85165 1.3087 0
1.14866 1.30553 0
1.14797 1.69698 0
1.41197 1.15079 0
1.65265 1.70893 0
1.29381 1.34473 0
1.3675 1.69878 0
1.94759 1.86513 0
1.86513 1.05241 0
1.13253 1.94714 0
1.13487 1.05241 0
1.05116 1.13121 0
1.05236 1.86511 0
1.94884 1.13121 0
1.86879 1.94884 0
1.70264 1.35062 0
1.5982 1.68692 0
1.75418 1.44977 0
1.46657 1.65989 0
1.51598 1.3537 0
1.61915 1.20188 0
1.65252 1.28383 0
1.30075 1.236 0
1.28715 1.64304 0
1.58496 1.492 0
1.1307 1.58735 0
1.58947 1.8684 0
1.74956 1.2625 0
1.25148 1.25945 0
1.25431 1.74588 0
1.7423 1.74918 0
1.24258 1.54363 0
1.19744 1.61697 0
1.3602 1.51246 0
1.50962 1.44338 0
1.3632 1.29449 0
1.94787 1.71351 0
1.05434 1.28802 0
1.28737 1.94546 0
1.71134 1.05593 0
1.32089 1.59274 0
1.2143 1.39881 0
1.14825 1.87705 0
1.85175 1.87705 0
1.12295 1.14825 0
1.87705 1.14825 0
1.51588 1.63394 0
1.8608 1.5896 0
1.74139 1.54731 0
1.79891 1.79511 0
1.79501 1.20094 0
1.20559 1.79839 0
1.20511 1.19967 0
1.46483 1.3379 0
1.61947 1.10903 0
1.1091 1.37972 0
1.3821 1.88932 0
1.38813 1.80386 0
1.87641 1.50526 0
1.3326 1.19551 0
1.41839 1.41453 0
1.55304 1.3154 0
1.67369 1.40363 0
1.55849 1.59068 0
1.89358 1.62434 0
1.53552 1.40106 0
1.36081 1.46884 0
1.20264 1.66843 0
1.32843 1.74446 0
1.12345 1.81041 0
1.26568 1.50855 0
1.61933 1.79496 0
1.33322 1.11293 0
1.5599 1.04364 0
1.44009 1.95637 0
1.04362 1.44009 0
1.95612 1.5607 0
1.80925 1.87332 0
1.87364 1.19065 0
1.12638 1.19066 0
1.10906 1.48695 0
1.48803 1.89194 0
1.51509 1.11121 0
1.54977 1.68545 0
1.64892 1.89352 0
1.89743 1.34712 0
1.10648 1.64892 0
1.56479 1.2209 0
1.69086 1.75101 0
1.7443 1.6084 0
1.7155 1.96101 0
1.28321 1.05084 0
1.03899 1.7155 0
1.96101 1.2845 0
1.75604 1.31928 0
1.39869 1.25167 0
1.45811 1.1696 0
1.24519 1.30879 0
1.54325 1.51368 0
1.46951 1.54817 0
1.18891 1.12559 0
1.87411 1.81108 0
1.81105 1.12591 0
1.3784 1.19688 0
1.79586 1.62306 0
1.63686 1.9534 0
1.0466 1.63686 0
1.95396 1.36258 0
1.36257 1.04398 0
1.76165 1.70765 0
1.45272 1.70771 0
1.80874 1.33177 0
1.32481 1.38462 0
1.10995 1.85332 0
1.14714 1.11053 0
1.85286 1.11056 0
1.88944 1.85286 0
1.21414 1.891 0
1.21588 1.4523 0
1.6086 1.37194 0
1.69422 1.24427 0
1.825 1.03725 0
1.96275 1.825 0
1.03725 1.825 0
1.95935 1.17478 0
1.04194 1.17442 0
1.17684 1.96075 0
1.175 1.03725 0
1.82522 1.95935 0
1.80786 1.38041 0
1.88458 1.66463 0
1.69274 1.10728 0
1.65429 1.60179 0
1.48661 1.73853 0
1.40008 1.45414 0
1.79602 1.54342 0
1.40357 1.72603 0
1.45946 1.296 0
1.48994 1.26172 0
1.76532 1.39592 0
1.56045 1.77123 0
1.45785 1.78608 0
1.81395 1.66903 0
1.18277 1.32831 0
1.60877 1.44526 0
1.45424 1.50422 0
1.66426 1.32122 0
1.38829 1.65095 0
1.36922 1.6083 0
1.96841 1.672 0
1.32911 1.96749 0
1.03246 1.32923 0
1.67103 1.03389 0
1.58441 1.40518 0
1.30624 1.8981 0
1.10588 1.30283 0
1.21661 1.10353 0
1.78173 1.10417 0
1.89763 1.78138 0
1.52951 1.81242 0
1.15401 1.54035 0
1.391 1.53922 0
1.38866 1.33805 0
1.59314 1.95886 0
1.96206 1.40873 0
1.04114 1.59314 0
1.40844 1.03852 0
1.54606 1.14716 0
1.14235 1.45398 0
1.45106 1.86203 0
1.40644 1.85199 0
1.15374 1.40371 0
1.59816 1.15071 0
1.69758 1.89368 0
1.89302 1.30091 0
1.10356 1.69703 0
1.09891 1.77914 0
1.31461 1.68773 0
1.53612 1.47508 0
1.68196 1.67446 0
1.37746 1.37781 0
1.89615 1.22071 0
1.1014 1.22074 0
1.7792 1.89588 0
1.89862 1.42803 0
1.61163 1.63885 0
1.6866 1.55232 0
1.3797 1.11313 0
1.67136 1.82037 0
1.42815 1.09993 0
1.64866 1.43951 0
1.6661 1.51184 0
1.48462 1.03831 0
1.03733 1.51505 0
1.96253 1.48333 0
1.51507 1.96266 0
1.1183 1.33983 0
1.04006 1.90554 0
1.09446 1.04006 0
1.09446 1.95994 0
1.95994 1.09446 0
1.90554 1.95994 0
1.90554 1.04006 0
1.04006 1.09446 0
1.95994 1.90554 0
1.33958 1.88127 0
1.7 1.19531 0
1.56913 1.91161 0
1.32651 1.27106 0
1.73957 1.49271 0
1.90418 1.69909 0
1.65775 1.11828 0
1.26732 1.8361 0
1.52987 1.18538 0
1.46285 1.21619 0
1.73498 1.67877 0
1.2845 1.76345 0
1.19299 1.52941 0
1.54298 1.84637 0
1.82012 1.58732 0
1.62033 1.51919 0
1.09128 1.56931 0
1.79204 1.46226 0
1.57874 1.28882 0
1.32584 1.31171 0
1.23959 1.70731 0
1.21907 1.58125 0
1.0301 1.67524 0
1.9699 1.32476 0
1.67524 1.9699 0
1.32364 1.03275 0
1.88142 1.38794 0
1.1657 1.60308 0
1.60383 1.83161 0
1.475 1.97056 0
1.97056 1.525 0
1.02944 1.475 0
1.525 1.02944 0
1.64359 1.7514 0
1.41617 1.77354 0
1.8187 1.50669 0
1.18516 1.86636 0
1.6641 1.18362 0
1.3315 1.54079 0
1.2563 1.36283 0
1.56866 1.72364 0
1.39851 1.57712 0
1.51742 1.59506 0
1.64315 1.24532 0
1.21477 1.2393 0
1.21539 1.75558 0
1.78558 1.23988 0
1.76029 1.78507 0
1.18823 1.36713 0
1.14531 1.26911 0
1.16415 1.73096 0
1.85505 1.27064 0
1.73184 1.8542 0
1.43216 1.63295 0
1.73457 1.16568 0
1.26826 1.14824 0
1.83361 1.73695 0
1.23836 1.42512 0
1.29645 1.09738 0
1.74298 1.36573 0
1.96699 1.63732 0
1.36388 1.9664 0
1.03359 1.36389 0
1.63621 1.03385 0
1.79956 1.70304 0
1.43746 1.58956 0
1.969 1.969 0
1.97289 1.02711 0
1.02711 1.97289 0
1.03045 1.03045 0
1.61126 1.56474 0
1.29365 1.18726 0
1.35637 1.08219 0
1.13566 1.91019 0
1.91492 1.14656 0
1.08515 1.14654 0
1.85344 1.91492 0
1.49272 1.18942 0
1.27441 1.68426 0
1.72 1.92419 0
1.92406 1.2797 0
1.0767 1.71943 0
1.47532 1.08233 0
1.07814 1.5242 0
1.91738 1.47376 0
1.52444 1.92289 0
1.23599 1.62873 0
1.35236 1.78906 0
1.18378 1.47003 0
