89 213 341
108 197 307
134 190 301
302 88 463
190 134 312
198 124 294
219 87 394
232 115 233
145 232 233
163 214 386
325 100 442
195 325 442
89 341 467
237 120 345
394 87 413
197 127 307
88 302 389
351 144 397
322 260 431
111 251 312
349 178 357
191 351 397
300 150 337
203 140 466
46 235 375
239 77 377
65 238 379
234 39 378
8 241 380
237 58 381
27 236 376
240 20 382
76 77 239
46 47 235
8 9 241
65 66 238
38 39 234
57 58 237
19 20 240
27 28 236
238 66 291
235 47 293
241 9 292
236 28 290
91 323 367
98 279 340
218 121 437
216 116 435
118 215 436
99 203 252
217 117 430
214 109 386
312 251 494
124 198 285
345 120 517
343 177 358
194 386 440
178 257 357
257 102 357
252 203 466
169 223 309
172 220 310
171 222 308
174 208 395
208 87 395
90 297 370
92 299 369
298 93 368
296 91 367
331 218 437
332 216 435
215 333 436
225 152 400
147 260 322
355 90 370
356 92 369
93 354 368
279 168 340
221 134 318
122 241 292
118 238 291
119 235 293
123 236 290
206 178 349
386 109 440
287 148 320
250 173 251
111 250 251
323 217 430
197 108 416
272 150 300
275 374 502
358 104 473
258 163 270
214 177 343
275 225 400
119 293 385
212 123 464
134 202 312
127 288 319
114 269 316
269 152 316
104 301 473
96 205 317
320 148 388
195 141 342
273 127 319
127 197 314
152 196 316
214 163 433
348 269 518
223 69 329
222 50 327
220 12 328
221 31 330
253 100 338
254 97 339
256 98 340
199 133 327
202 134 330
200 135 328
201 136 329
386 194 529
196 152 373
100 280 338
280 165 338
47 48 293
66 67 291
9 10 292
28 29 290
142 348 365
141 195 442
198 145 324
78 79 266
25 26 261
21 22 268
44 45 262
59 60 264
6 7 263
40 41 267
63 64 265
114 227 271
205 386 529
272 128 512
512 128 524
226 81 288
259 85 351
83 258 342
84 269 348
317 205 529
145 198 497
374 184 502
173 250 383
250 97 383
126 225 275
124 277 294
133 421 426
136 422 425
135 423 424
308 133 426
309 136 425
310 135 424
232 105 366
174 395 493
384 212 464
100 325 487
314 197 434
134 301 318
105 314 434
235 155 375
160 234 378
238 158 379
241 156 380
159 237 381
161 239 377
162 240 382
236 157 376
94 225 315
125 258 270
275 84 374
82 322 431
151 349 357
127 273 307
148 204 399
96 300 337
146 317 529
127 226 288
259 351 498
311 174 493
227 114 316
273 94 315
149 273 315
101 211 465
183 227 445
227 106 445
123 290 464
348 182 365
135 200 335
133 199 336
136 201 334
215 118 508
116 216 510
121 218 511
153 343 358
182 348 518
128 224 353
218 90 303
216 92 304
217 91 305
93 215 306
266 79 451
25 261 458
268 22 455
6 263 453
44 262 456
264 60 452
63 265 457
267 41 454
122 292 408
128 353 524
118 291 409
171 308 465
115 232 366
293 171 385
85 276 282
276 139 282
102 210 313
241 122 371
156 241 371
244 140 305
243 138 304
242 137 303
92 243 304
90 242 303
91 244 305
139 245 306
245 93 306
253 338 427
254 339 428
256 340 429
228 130 451
130 228 453
132 231 457
231 132 452
229 129 455
230 131 454
131 230 456
129 229 458
222 133 308
220 135 310
223 136 309
353 204 524
148 226 388
172 310 459
169 309 450
225 94 373
152 225 373
183 302 463
150 219 337
213 149 315
207 113 350
342 258 492
69 70 329
12 13 328
50 51 327
31 32 330
229 24 458
228 5 453
23 229 455
61 231 452
230 43 456
80 228 451
231 62 457
42 230 454
259 115 366
108 307 391
190 312 494
366 105 434
227 183 463
226 127 314
246 53 420
247 72 419
249 15 417
248 34 418
271 173 393
176 295 425
90 218 331
92 216 332
215 93 333
119 211 513
123 212 515
113 207 336
112 209 334
110 208 335
277 164 294
219 150 387
87 219 387
203 99 546
210 102 326
91 217 323
339 166 361
186 339 361
187 340 360
340 168 360
338 165 359
185 338 359
198 294 497
294 95 497
213 126 341
130 266 451
263 130 453
265 132 457
131 267 454
132 264 452
261 129 458
129 268 455
262 131 456
114 271 393
178 206 468
425 295 507
170 221 318
514 210 517
144 215 508
117 217 509
218 141 511
216 142 510
146 224 317
286 321 545
108 206 349
140 203 470
213 89 392
149 213 392
177 214 469
109 214 343
105 232 320
232 145 320
286 98 321
123 242 412
245 120 410
119 243 411
128 272 300
215 144 503
142 216 505
141 218 506
19 240 344
57 237 345
76 239 346
38 234 347
133 222 327
136 223 329
134 221 330
135 220 328
205 96 439
271 227 463
145 233 324
233 86 324
204 148 415
54 55 362
16 17 359
73 74 360
35 36 361
137 284 506
138 281 505
282 139 503
140 283 504
229 23 525
24 229 525
43 230 526
230 42 526
62 231 528
231 61 528
5 228 527
228 80 527
264 132 368
266 130 367
159 264 368
262 155 369
161 266 367
131 262 369
129 261 370
261 157 370
208 174 423
364 107 390
224 128 501
87 208 413
209 112 414
273 149 307
208 110 472
104 212 384
211 119 385
321 193 545
211 101 496
81 224 352
224 146 352
206 108 391
126 213 477
212 104 396
245 139 514
242 123 515
243 119 513
300 96 317
113 257 350
274 184 496
304 138 505
303 137 506
139 306 503
305 140 504
224 81 353
83 284 363
387 189 395
244 122 466
120 514 517
220 172 520
223 169 521
222 171 522
221 170 519
312 202 543
189 364 390
270 163 439
256 143 321
98 256 321
276 151 313
281 138 374
122 252 466
295 176 372
211 385 465
441 257 443
150 272 364
272 107 364
184 274 502
289 108 349
151 289 349
53 54 420
72 73 419
15 16 417
34 35 418
24 25 458
60 61 452
5 6 453
43 44 456
22 23 455
62 63 457
79 80 451
41 42 454
82 283 470
204 353 399
226 314 388
514 139 530
255 144 508
141 253 511
142 254 510
256 117 509
254 142 365
141 284 342
142 281 348
102 257 441
282 144 351
471 86 547
16 359 417
54 362 420
73 360 419
35 361 418
225 126 477
209 471 547
69 223 521
12 220 520
50 222 522
31 221 519
164 260 401
260 107 401
144 255 397
288 154 319
253 141 442
94 273 319
242 90 355
243 92 356
93 245 354
285 198 324
285 471 480
163 386 439
386 205 439
279 180 414
112 279 414
257 178 350
81 226 399
270 96 337
292 172 408
283 82 479
86 233 372
210 326 517
226 148 399
217 504 509
120 245 514
138 243 513
137 242 515
421 207 467
87 387 395
287 145 497
291 169 409
233 115 516
126 274 341
302 153 389
248 166 438
315 225 477
145 287 320
110 280 472
111 312 543
106 227 444
86 285 324
122 244 371
278 154 432
274 101 426
175 274 426
97 254 365
101 274 496
234 116 539
240 121 538
239 117 540
274 175 341
302 109 343
153 302 343
175 421 467
155 235 411
120 237 410
237 159 410
236 123 412
235 119 411
157 236 412
351 191 498
322 82 470
99 252 459
246 167 443
108 289 416
289 181 416
297 90 331
299 92 332
93 298 333
279 98 486
277 124 545
193 277 545
301 104 318
278 146 474
295 115 498
191 295 498
234 160 435
158 238 436
240 162 437
239 161 430
121 240 437
116 234 435
238 118 436
117 239 430
143 256 509
107 260 390
103 255 450
244 91 495
242 355 412
354 245 410
243 356 411
181 259 366
284 83 342
167 441 443
374 138 460
274 126 502
130 263 532
281 84 348
164 277 431
160 299 332
298 158 333
162 297 331
280 110 461
471 180 480
140 244 466
56 57 345
18 19 344
37 38 347
75 76 346
85 282 351
53 246 446
72 247 447
15 249 449
34 248 448
146 278 352
179 394 413
85 259 478
259 181 478
323 161 367
166 248 418
167 246 420
163 258 433
258 83 433
419 168 475
247 419 475
21 268 382
155 262 375
261 26 376
262 45 375
40 267 378
78 266 377
265 64 379
59 264 381
264 159 381
156 263 380
263 7 380
266 161 377
157 261 376
285 86 471
255 103 397
251 173 476
249 417 461
417 165 461
252 122 408
97 250 485
295 372 516
250 111 438
321 143 479
193 321 479
99 311 546
288 81 432
394 125 499
117 256 429
227 316 444
100 253 442
382 268 535
378 267 533
265 379 534
162 382 535
379 158 534
160 378 533
302 183 440
109 302 440
294 164 402
258 125 492
284 137 363
260 147 390
504 143 509
219 394 499
210 514 530
257 113 443
96 270 439
296 156 495
269 84 400
152 269 400
173 271 476
325 195 492
125 325 492
280 179 472
217 305 504
306 215 503
218 303 506
216 304 505
95 294 402
115 259 498
132 265 534
263 156 532
267 131 533
268 129 535
188 345 517
206 392 468
392 89 468
260 164 431
84 281 374
248 438 543
269 114 518
479 82 537
148 287 415
200 328 488
202 330 489
199 327 491
201 329 490
125 270 499
277 193 537
271 88 476
88 271 463
84 275 400
147 322 546
322 203 546
398 196 407
352 278 432
130 296 367
132 298 368
297 129 370
299 131 369
151 276 462
431 277 537
154 278 398
278 106 398
107 272 512
154 398 407
318 104 384
300 317 501
83 363 469
170 318 384
139 276 530
438 111 543
313 151 357
102 313 357
474 146 529
395 189 493
291 67 405
293 48 406
290 29 403
292 10 404
126 275 502
276 85 462
364 189 387
365 182 383
97 365 383
165 280 461
289 151 462
124 285 480
287 95 415
168 279 475
106 278 474
246 443 541
280 100 487
179 280 487
279 112 475
118 409 508
409 255 508
180 279 486
181 366 434
307 149 391
144 282 503
284 141 506
281 142 505
283 140 470
286 180 486
98 286 486
170 290 403
172 292 404
169 291 405
171 293 406
309 103 450
195 342 492
174 311 424
311 99 424
113 336 541
112 334 542
110 335 544
154 288 432
310 99 459
180 286 480
156 371 495
153 358 473
350 178 468
95 287 497
156 296 532
298 132 534
131 299 533
129 297 535
341 175 467
427 121 511
253 427 511
254 428 510
428 116 510
94 319 407
155 356 369
157 355 370
354 159 368
192 512 524
203 322 470
334 201 542
336 199 541
335 200 544
181 289 478
443 113 541
337 219 499
26 27 376
77 78 377
45 46 375
58 59 381
7 8 380
20 21 382
64 65 379
39 40 378
314 105 388
325 125 394
479 143 504
283 479 504
290 170 464
335 208 423
334 209 422
336 207 421
124 480 545
340 187 429
339 186 428
338 185 427
172 404 520
169 405 521
171 406 522
170 403 519
214 433 469
433 83 469
103 425 507
48 49 406
67 68 405
10 11 404
29 30 403
82 431 537
480 286 545
105 320 388
30 31 519
49 50 522
68 69 521
11 12 520
184 374 460
422 209 547
115 295 516
308 101 465
295 191 507
296 130 532
299 160 533
158 298 534
297 162 535
91 296 495
206 391 392
391 149 392
422 176 425
421 175 426
423 174 424
99 310 424
101 308 426
103 309 425
276 313 530
398 106 444
196 398 444
301 190 473
344 240 538
347 234 539
346 239 540
71 72 447
52 53 446
33 34 448
14 15 449
179 325 394
128 300 501
251 476 494
476 88 494
373 94 407
213 315 477
316 196 444
383 182 393
319 154 407
177 363 523
350 468 536
23 4 525
42 2 526
4 24 525
61 1 528
2 43 526
1 62 528
80 3 527
3 5 527
353 81 399
359 165 417
361 166 418
362 167 420
360 168 419
150 364 387
147 311 493
104 358 396
358 177 396
18 344 483
344 185 483
56 345 484
347 186 482
37 347 482
346 187 481
75 346 481
345 188 484
161 323 430
311 147 546
160 332 435
162 331 437
333 158 436
176 422 547
339 97 485
252 408 459
396 177 523
133 336 421
136 334 422
135 335 423
81 352 432
164 401 402
401 192 402
188 326 531
326 102 441
255 409 450
371 244 495
173 383 393
413 208 472
209 414 471
55 56 484
36 37 482
17 18 483
74 75 481
313 210 530
317 224 501
70 71 490
51 52 491
13 14 488
32 33 489
356 155 411
159 354 410
355 157 412
515 212 523
196 373 407
328 13 488
327 51 491
330 32 489
329 70 490
270 337 499
325 179 487
194 474 529
170 384 464
190 389 473
389 153 473
86 372 547
166 339 485
326 188 517
194 445 474
460 138 513
211 460 513
187 346 540
186 347 539
185 344 538
249 461 544
461 110 544
448 202 489
446 199 491
71 447 490
449 200 488
447 201 490
52 446 491
33 448 489
14 449 488
445 106 474
363 177 469
137 515 523
360 74 481
362 55 484
361 36 482
359 17 483
197 416 434
187 360 481
186 361 482
185 359 483
188 362 484
475 112 542
247 475 542
189 390 493
390 147 493
389 190 494
88 389 494
460 211 496
385 171 465
393 182 518
212 396 523
193 479 537
95 402 500
402 192 500
416 181 434
207 350 536
372 233 516
326 441 531
204 500 524
194 440 445
363 137 523
408 172 459
409 169 450
167 362 531
362 188 531
401 107 512
192 401 512
114 393 518
440 183 445
462 85 478
289 462 478
500 192 524
179 413 472
414 180 471
200 449 544
449 249 544
202 448 543
448 248 543
446 246 541
199 446 541
447 247 542
201 447 542
191 397 507
397 103 507
204 415 500
467 207 536
89 467 536
438 166 485
250 438 485
429 187 540
427 185 538
428 186 539
372 176 547
415 95 500
403 30 519
404 11 520
406 49 522
405 68 521
184 460 496
441 167 531
121 427 538
116 428 539
117 429 540
468 89 536
