251 505 589
29 66 905
316 467 1155
578 257 1038
554 275 888
486 357 776
278 415 906
323 455 845
405 233 474
293 472 908
409 579 764
418 528 883
321 442 603
524 332 794
455 323 557
397 256 481
224 500 760
434 382 782
660 359 807
136 135 492
298 486 776
228 582 837
875 17 1128
304 406 488
289 622 1162
153 152 508
356 244 519
452 333 564
498 359 610
296 575 754
905 66 981
113 594 786
549 314 578
888 430 1133
713 520 1064
153 508 946
603 442 1046
457 186 763
692 247 712
113 114 594
470 265 784
450 470 1167
466 276 546
295 888 1133
51 20 752
7 88 739
147 2 569
248 483 559
537 289 716
87 944 1164
619 296 754
160 161 617
506 386 904
619 264 749
257 942 1038
131 462 1037
520 633 870
309 524 868
491 446 999
813 438 1100
467 316 567
437 905 981
582 408 837
172 398 970
522 440 944
435 310 523
244 356 577
575 426 754
330 530 767
334 586 612
298 479 542
148 492 895
443 255 1081
742 181 881
91 90 562
770 432 917
617 161 663
230 467 567
678 269 696
384 502 900
498 252 649
415 278 637
523 310 721
301 403 934
492 148 728
243 477 529
314 458 732
453 227 539
253 603 1046
249 448 517
536 238 1008
534 330 598
220 429 894
337 684 797
625 239 1018
473 268 764
591 358 901
515 423 1013
401 619 749
339 595 655
505 251 1047
801 431 1022
318 444 613
320 549 578
103 635 735
11 10 565
429 220 1105
528 286 883
64 63 508
491 999 1166
546 276 729
243 597 615
500 320 1038
548 348 644
579 317 764
531 163 720
364 470 784
325 533 573
383 564 768
470 364 599
560 505 921
205 206 515
608 820 1165
820 609 1166
502 237 900
122 121 501
283 710 727
562 90 871
136 492 728
569 2 792
556 146 833
502 384 611
145 146 556
434 782 967
120 119 484
112 491 1113
490 107 1112
62 61 513
180 181 742
226 494 733
351 311 553
442 321 634
297 530 980
333 567 645
530 297 669
103 104 707
478 660 807
942 464 1038
533 319 573
458 314 667
476 671 968
403 301 649
487 232 793
326 453 882
477 554 888
488 798 1170
671 476 1006
185 447 862
178 591 901
276 466 902
582 228 607
60 28 518
595 339 703
383 712 822
888 295 1180
248 315 723
268 438 813
448 323 922
310 541 721
221 623 1080
539 227 982
289 489 716
419 609 820
608 418 820
574 420 714
529 477 1180
505 336 589
382 434 836
238 468 1005
622 572 1162
488 406 798
319 463 997
805 436 1118
554 316 1155
657 248 1125
472 293 854
462 131 931
595 388 655
104 499 707
265 470 988
357 486 912
238 536 865
31 137 149
315 248 1051
240 503 919
411 773 1032
692 712 945
270 496 685
203 656 755
571 400 911
582 287 921
635 103 707
491 112 803
107 490 804
525 3 600
495 304 802
414 677 1008
534 598 1133
306 525 600
575 296 936
54 53 540
447 185 788
303 537 716
613 116 831
500 224 731
320 449 959
163 531 792
499 104 1083
616 407 1095
639 25 694
826 571 911
452 678 696
548 52 855
333 452 918
606 533 866
14 112 1113
107 13 1112
501 121 844
28 131 1037
628 255 997
271 524 794
287 582 849
671 332 968
275 554 1155
372 595 703
597 391 615
546 840 1175
336 505 560
628 997 1120
239 625 785
406 304 653
485 18 927
88 6 1052
361 510 744
510 306 600
486 298 694
550 231 560
397 481 1152
496 270 791
467 230 879
104 105 1083
320 500 731
464 500 1038
509 35 693
470 322 1167
497 277 706
279 593 1170
284 686 787
576 232 798
18 485 846
503 240 606
567 316 645
610 359 1015
508 665 946
697 432 770
56 55 543
255 443 721
52 51 855
715 575 936
530 396 767
468 238 865
944 440 1164
2 163 792
477 243 986
570 294 626
265 506 904
268 473 681
200 687 960
296 619 1016
415 500 906
340 697 770
441 344 666
202 203 755
115 116 1069
329 529 1132
535 301 934
354 572 622
307 548 644
387 619 754
798 487 1170
710 445 727
444 318 706
801 1022 1179
256 698 825
509 328 711
709 620 1082
118 17 875
120 484 844
605 383 822
614 309 1005
541 319 997
625 342 771
57 417 1021
236 680 953
277 497 643
186 457 788
336 482 1177
225 690 777
252 521 649
287 560 921
512 329 1132
309 868 1005
564 282 768
985 616 1095
522 514 753
376 846 873
432 584 917
276 902 1071
363 480 623
321 603 680
34 7 739
469 698 890
598 263 1119
648 308 790
624 363 1143
23 57 1021
233 374 741
680 236 1104
345 520 713
258 674 1059
287 550 560
325 573 588
102 103 735
134 27 984
519 244 727
561 271 1031
289 537 622
433 638 1075
30 148 895
604 340 770
846 485 873
586 221 587
328 509 693
508 63 665
302 515 1013
535 934 1091
529 329 597
127 25 639
512 598 1119
537 259 622
487 793 1041
539 235 882
3 525 709
386 506 808
516 330 1056
552 828 1091
504 151 1023
530 669 971
617 386 1160
199 200 960
304 495 676
236 914 1104
298 639 694
684 433 797
566 355 790
547 625 1018
295 598 1132
436 817 1118
361 556 833
552 258 624
589 336 1177
628 394 746
163 164 720
235 539 636
310 435 938
62 513 665
209 730 885
559 166 979
513 61 668
434 630 836
663 459 904
468 261 940
240 919 1025
243 529 597
186 187 763
284 770 917
149 137 728
613 831 973
518 28 1037
783 429 1105
65 504 981
424 580 869
494 226 719
413 811 1013
1001 221 1080
686 475 787
391 597 631
116 613 1069
190 191 575
159 158 585
589 307 644
934 352 1091
298 542 639
308 862 1159
21 671 1006
8 92 590
532 286 778
492 135 905
521 403 649
423 546 729
198 199 507
60 518 668
556 82 1151
446 491 803
908 472 1067
689 421 765
277 643 1029
629 369 795
586 327 612
500 415 760
559 483 861
64 508 857
225 573 690
656 393 692
306 792 975
458 568 732
82 81 1151
416 254 827
227 453 661
558 24 751
344 441 941
417 57 1045
990 456 995
319 533 1145
166 559 861
557 224 750
567 333 918
301 535 652
257 568 860
602 357 912
89 34 774
677 536 1008
580 424 933
642 250 994
222 472 641
992 258 1059
565 10 659
324 847 902
403 521 995
216 506 958
535 245 652
427 648 790
611 260 933
642 469 1095
537 303 1114
9 101 695
334 552 624
355 566 1092
255 746 1081
171 172 970
286 532 772
423 515 840
580 288 869
273 689 765
323 448 819
786 341 838
26 130 816
469 642 825
395 786 838
389 667 780
515 206 840
273 545 689
132 538 702
461 992 1059
100 717 1178
690 310 777
194 195 691
488 593 802
311 417 553
950 497 1129
773 1027 1032
470 450 988
538 132 782
503 337 641
386 663 904
256 397 1110
100 99 717
598 330 767
520 345 633
546 423 840
415 637 818
525 306 975
552 334 828
466 546 885
341 594 654
209 210 730
224 626 750
944 4 1019
484 119 875
308 648 862
598 512 1132
227 473 982
35 509 824
237 502 829
625 404 785
549 320 959
560 231 948
449 320 731
481 642 994
258 552 843
789 1024 1173
691 195 923
122 501 927
42 41 620
148 149 728
366 659 1048
623 480 1098
248 972 1125
233 405 870
241 718 947
533 325 866
156 518 963
417 311 621
590 92 1011
593 488 1170
605 269 678
651 397 1152
205 515 701
712 247 822
530 330 980
213 214 601
495 388 856
384 496 791
330 534 1056
647 341 654
633 233 870
547 342 625
429 679 894
235 555 1137
398 172 863
251 589 644
468 614 1005
721 443 1104
271 561 867
532 346 880
698 428 932
463 319 646
424 646 1025
811 302 1013
407 642 1095
591 355 670
306 569 792
250 642 662
705 422 815
744 510 1010
506 216 808
539 317 636
359 498 1138
886 410 1150
114 115 672
514 944 1019
124 19 618
445 374 1018
698 469 825
556 361 943
820 291 1165
291 820 1166
98 97 697
323 550 922
410 584 1150
551 235 1137
585 158 1141
44 43 632
576 798 993
558 312 664
494 1001 1080
1027 326 1032
452 564 678
508 152 745
614 468 940
719 431 801
369 629 947
528 418 1089
597 329 631
819 959 1086
681 563 915
473 227 847
427 742 881
543 331 794
643 526 1029
302 683 874
638 242 891
386 808 1160
22 704 1045
4 45 1019
249 517 675
252 498 821
847 227 955
438 268 915
538 328 702
954 290 995
332 524 968
226 625 771
604 770 939
371 719 801
332 543 794
190 575 715
318 685 1002
669 246 971
914 523 1104
453 326 850
782 133 967
504 65 857
52 548 851
472 222 722
220 627 650
598 295 1133
232 487 798
260 580 933
877 507 1107
51 752 855
360 607 809
174 574 714
448 249 819
360 582 607
10 144 659
789 280 1024
463 646 869
286 528 778
536 412 865
631 329 1109
510 361 928
166 167 979
482 336 1031
1022 420 1179
810 302 874
646 424 869
328 585 931
517 448 1134
254 629 795
363 461 891
330 516 980
396 682 767
902 471 1071
324 563 681
551 326 882
335 526 643
316 554 673
159 585 693
698 373 890
226 404 625
151 504 745
682 263 767
245 612 909
56 543 671
286 527 1169
541 310 690
610 219 841
117 527 1130
545 273 838
667 314 780
306 510 928
462 585 1141
358 591 670
679 257 860
321 680 1081
343 661 850
594 114 672
601 214 929
573 225 588
18 123 927
743 624 1143
154 513 1101
411 468 865
999 291 1166
328 538 711
573 319 690
697 97 1161
542 479 816
635 346 735
545 303 689
183 184 648
568 458 1075
346 532 778
564 383 678
563 211 996
329 763 1109
54 540 700
281 517 977
308 566 790
667 389 722
593 279 920
540 53 851
373 698 932
918 452 1009
638 292 1075
304 488 802
259 647 654
408 582 921
576 343 850
562 871 1055
676 269 941
630 250 836
669 425 878
365 747 784
311 351 935
111 110 803
109 108 804
3 86 600
483 248 723
324 681 847
151 150 1023
237 950 1129
319 541 690
517 281 876
527 117 1088
102 528 1089
526 335 1036
919 460 1025
233 633 1017
112 111 803
108 107 804
341 545 838
222 667 722
685 496 1002
441 676 941
513 154 946
718 370 947
545 341 647
92 834 1011
544 262 1118
528 102 735
606 240 1145
452 696 1009
49 18 846
627 392 1139
336 561 1031
543 55 700
307 589 1177
386 617 663
362 760 818
774 34 1146
730 466 885
334 624 743
262 544 759
500 464 906
259 537 647
440 522 726
356 519 799
178 179 591
211 212 996
246 566 971
351 704 859
619 401 1016
555 311 935
421 761 765
246 669 878
204 205 701
91 562 1172
215 216 958
381 610 841
518 156 898
555 235 1121
477 888 1180
550 287 922
337 503 606
377 581 903
578 314 732
803 110 1068
109 804 1068
294 570 1122
521 954 995
255 628 746
59 486 694
747 266 1085
550 323 845
646 240 1025
574 272 1179
239 445 1018
198 507 734
312 602 912
338 580 916
697 340 717
818 637 920
270 532 880
607 228 1036
611 384 830
189 190 715
582 360 849
603 385 680
1004 95 1150
348 548 855
460 611 933
586 334 743
21 56 671
221 586 743
420 574 1179
614 351 859
594 350 654
581 281 903
738 5 1164
22 125 704
587 371 969
50 49 761
24 558 964
263 598 767
706 277 978
593 234 802
388 495 1116
273 592 775
409 764 813
734 507 877
150 30 1148
629 254 848
290 990 995
251 572 823
622 259 688
425 759 878
583 335 950
779 350 814
398 714 887
566 396 971
599 364 985
184 185 862
82 556 943
594 341 786
405 740 870
910 234 1044
444 706 978
353 558 751
480 363 891
106 634 864
6 5 738
702 328 931
219 660 1056
761 49 846
592 347 775
196 571 923
417 621 1110
128 127 639
638 433 684
695 465 1077
697 717 1154
443 680 1104
640 234 910
299 629 848
523 721 1104
388 595 1009
260 611 830
314 549 780
641 337 797
605 344 941
792 531 975
216 217 808
254 511 827
35 159 693
315 620 709
630 353 994
476 309 614
234 640 655
311 555 1111
177 901 1049
66 65 981
470 599 956
585 328 693
361 744 943
643 497 950
527 286 772
130 129 542
759 358 878
329 512 1079
322 470 956
145 556 1151
456 724 995
383 605 678
403 650 934
461 638 891
568 257 732
714 420 887
16 113 961
654 350 779
769 737 1153
39 182 881
181 39 881
580 338 736
901 544 1049
626 294 750
132 133 782
507 199 960
161 162 663
335 643 950
362 570 626
237 583 950
627 352 650
347 737 769
764 317 982
717 465 1178
40 193 893
192 40 893
335 607 1036
203 204 913
58 24 964
374 445 710
473 764 982
909 612 987
627 220 894
562 299 1172
350 594 672
382 538 782
63 62 665
670 355 1092
959 449 1086
773 411 865
760 415 818
61 60 668
496 384 900
454 544 1118
172 37 863
388 696 856
435 523 914
705 815 989
531 305 975
288 499 976
231 550 845
169 713 1064
566 246 1092
595 372 879
254 416 848
147 569 833
834 91 1172
514 522 944
850 326 1027
293 502 1140
536 677 1158
867 561 1014
564 333 1117
584 1004 1150
354 688 766
677 231 845
334 612 828
695 366 1048
683 302 811
169 170 713
349 656 692
230 567 918
761 376 765
303 545 1114
592 273 765
355 742 790
387 571 826
672 115 1069
157 156 963
557 323 1086
544 358 759
371 494 719
8 590 756
620 315 1051
282 877 1107
197 198 734
509 365 824
262 805 1118
264 645 749
791 270 880
305 531 720
603 253 1171
123 122 927
498 649 1138
189 715 952
366 695 1077
569 361 833
404 226 733
220 650 724
646 319 1145
747 364 784
436 587 969
227 661 955
997 463 1120
587 221 1001
465 717 907
235 551 882
570 412 1122
9 695 1048
626 224 760
392 627 894
632 367 951
649 301 1138
777 369 835
461 363 992
263 682 889
476 614 859
374 233 1017
119 118 875
354 766 837
577 356 871
261 468 899
494 371 1001
368 274 753
12 102 1089
117 15 1088
224 557 1123
692 393 874
634 394 864
710 283 753
569 306 928
197 734 930
305 525 975
325 588 806
581 377 1067
684 337 866
367 620 1051
361 569 928
847 471 902
400 571 930
592 376 873
583 237 829
342 547 633
368 632 951
610 381 821
174 175 574
648 184 862
229 985 1095
502 611 1140
465 695 1178
742 427 790
717 340 907
126 651 751
131 132 702
631 188 952
232 576 1027
347 592 789
352 843 1091
479 298 776
719 226 771
211 563 812
365 509 1003
391 631 952
561 336 948
344 605 822
819 249 959
248 559 972
377 908 1067
370 718 965
642 407 662
498 610 821
563 324 812
577 89 774
455 557 750
19 50 1174
712 375 945
288 580 736
596 282 1117
167 168 740
651 126 725
137 136 728
831 390 973
331 543 700
699 27 1099
634 106 1058
571 196 930
475 686 1094
532 270 998
317 539 982
509 711 1003
272 574 926
128 639 1147
255 721 997
385 604 939
274 710 753
601 438 1061
412 773 865
213 601 1061
55 54 700
645 316 749
486 664 912
37 173 863
387 691 923
540 331 700
1024 451 1173
652 245 807
525 305 1106
316 673 749
426 575 983
225 777 835
680 385 953
486 59 1142
533 606 1145
264 826 911
499 288 736
396 566 1034
439 791 880
543 332 671
25 59 694
135 29 905
96 95 1004
553 417 1045
572 354 823
313 762 774
502 293 908
300 590 1011
608 46 924
47 609 925
195 196 923
755 957 1066
160 617 1163
686 300 1094
675 517 876
360 809 977
290 640 910
660 516 1056
46 608 1112
609 47 1113
281 581 876
709 525 1106
257 578 732
873 485 1078
524 309 968
425 669 839
247 692 874
571 387 923
376 592 765
656 203 913
405 474 972
335 583 1131
612 245 828
645 264 1042
188 189 952
399 688 779
506 265 988
734 400 930
269 676 856
269 605 941
661 453 850
397 1021 1110
633 547 1017
674 392 860
831 117 1130
440 313 738
640 339 655
604 253 907
630 434 1043
585 462 931
616 747 1085
802 234 1116
354 622 688
422 705 1071
282 564 1117
292 568 1075
179 180 966
394 628 976
843 552 1091
538 382 1054
453 539 882
688 399 766
347 769 775
97 96 1161
652 359 1138
471 847 955
601 929 1167
406 653 781
89 577 871
389 581 722
688 259 779
474 233 741
637 278 757
714 398 863
757 278 783
580 260 916
595 230 1009
953 475 1126
575 191 983
730 324 902
397 725 1021
584 432 1004
572 251 852
558 353 1127
890 373 1115
508 745 857
390 772 998
165 861 884
706 318 1002
283 522 753
177 178 901
438 601 1100
357 602 984
340 604 907
843 627 1139
621 256 1110
180 742 966
481 256 825
299 848 1172
521 252 949
268 681 915
245 535 828
441 666 1090
362 626 760
274 368 951
257 679 942
662 382 836
644 348 852
336 560 948
667 222 1000
264 619 826
660 478 962
861 483 884
524 271 867
350 672 978
796 370 842
445 519 727
628 288 976
261 555 935
339 640 954
451 875 1128
84 83 744
126 23 725
250 662 836
515 302 810
703 252 748
164 165 884
620 41 1082
672 444 978
669 297 839
607 335 809
343 781 815
396 530 971
372 748 858
165 166 861
24 126 751
372 703 748
276 705 729
872 338 916
170 171 1156
358 544 901
581 389 876
662 407 1085
764 268 813
243 615 1062
366 565 659
282 596 877
338 635 707
313 774 1146
176 177 1049
636 373 932
624 258 992
842 370 965
707 499 736
312 558 1127
242 638 684
618 303 716
44 632 708
45 44 708
1 145 1151
324 730 812
230 918 1009
358 670 878
146 147 833
588 225 796
353 630 1127
616 364 747
273 775 838
682 447 889
554 477 986
385 603 1171
683 344 822
168 169 1064
817 436 969
828 535 1091
259 654 779
152 151 745
618 19 937
548 307 1124
544 454 1049
445 239 1070
412 536 1122
489 289 832
250 630 994
320 578 1038
896 662 1085
691 387 754
705 276 1071
93 8 756
264 911 1042
412 570 793
599 985 1060
96 1004 1161
752 20 1065
640 290 954
81 1 1151
155 154 1101
206 207 840
393 656 913
42 620 758
410 686 917
740 520 870
131 702 931
253 604 1171
613 444 1069
355 591 966
223 666 989
17 48 1128
985 229 1060
593 920 1044
327 658 987
806 378 1087
565 366 1046
704 553 1045
371 587 1001
426 691 754
459 824 1053
566 308 1034
670 246 878
440 738 1164
673 401 749
648 427 1040
222 641 797
413 666 811
840 207 1175
377 583 829
351 553 704
871 356 1055
686 284 917
658 327 805
210 211 812
615 401 1062
13 46 1112
47 14 1113
468 411 899
378 796 842
800 380 991
345 713 1035
373 636 1115
713 170 1156
15 47 925
46 12 924
579 890 1115
960 375 1107
434 602 1043
5 87 1164
673 986 1062
629 299 800
173 174 714
740 168 1064
632 43 758
604 385 1171
789 592 873
787 475 953
399 779 814
804 490 999
201 38 1066
675 389 780
43 42 758
629 241 947
807 245 909
442 634 1058
600 86 1050
895 492 905
584 410 917
658 402 987
827 300 1011
251 823 1047
348 832 852
949 339 954
712 383 768
418 608 924
609 419 925
219 610 1015
576 850 1027
280 873 1078
363 624 992
391 715 936
92 91 834
715 391 952
272 817 969
587 436 974
317 579 1115
641 472 854
686 410 1012
824 365 1053
469 890 1095
106 11 1058
446 804 999
651 353 751
655 388 1116
379 637 757
363 623 1143
892 482 1073
710 274 741
404 733 965
602 434 967
619 387 826
279 818 920
404 718 991
407 616 1085
479 699 1099
497 706 1002
650 352 934
955 661 1076
45 708 1019
251 644 852
196 197 930
382 662 896
208 209 885
346 635 872
663 162 1063
48 737 1128
214 215 929
331 540 892
294 536 1158
431 771 1084
217 218 1160
951 367 1051
124 618 1039
787 385 939
591 179 966
231 561 948
376 761 846
769 395 775
183 648 1040
673 554 986
772 532 998
228 766 1103
557 1086 1123
785 404 991
642 481 825
510 600 1050
545 647 1114
528 735 778
130 542 816
313 440 762
394 634 1157
899 551 1137
235 636 932
864 394 1083
635 338 872
437 895 905
116 117 831
381 748 821
666 413 989
185 186 788
231 677 1014
248 657 1051
579 409 1060
647 537 1114
1086 449 1123
389 675 876
90 89 871
665 513 946
87 4 944
401 615 1016
699 479 776
439 872 916
783 278 1028
804 446 1068
446 803 1068
666 223 1090
748 381 858
681 473 847
659 144 1048
596 400 877
11 565 1058
246 670 1092
425 839 1072
344 683 811
455 750 1158
400 596 911
207 208 1175
698 256 1096
786 395 961
6 738 1052
212 213 1061
785 380 1070
721 541 997
730 210 812
957 201 1066
292 638 1059
1022 431 1084
482 892 1177
830 439 916
241 800 991
1160 218 1163
379 757 990
3 709 1082
653 223 781
511 254 1168
318 613 973
229 890 1060
503 641 854
516 962 980
455 677 845
38 202 1066
679 429 942
685 390 998
583 377 903
456 757 783
920 379 1044
375 712 768
588 378 806
204 701 913
53 52 851
121 120 844
638 461 1059
105 106 864
359 660 1015
65 64 857
261 899 1137
519 445 1070
986 243 1062
722 581 1067
656 349 755
558 664 964
520 740 1064
236 953 1126
733 494 1080
478 807 909
421 689 1033
788 457 889
436 805 974
57 22 1045
775 395 838
701 515 810
937 19 1174
359 652 807
394 976 1083
718 241 991
664 312 912
447 788 889
1036 228 1103
854 293 919
586 587 974
852 832 1162
429 783 1028
885 546 1175
472 722 1067
375 687 945
687 349 945
493 713 1156
660 219 1015
1088 419 1169
200 201 957
333 645 1042
208 885 1175
408 921 1047
674 860 1144
378 1074 1087
309 476 968
252 703 949
338 707 736
615 391 936
574 175 1135
711 266 1003
617 1160 1163
26 816 1099
680 443 1081
444 672 1069
745 504 857
220 724 1105
668 518 898
676 495 856
292 1059 1144
1031 271 1073
962 478 1057
766 228 837
705 413 729
230 595 879
301 652 1138
414 867 1014
133 134 967
431 719 771
466 730 902
718 404 965
300 686 1012
796 225 835
704 125 859
440 726 762
784 265 1053
247 683 822
972 474 1125
713 493 1035
729 413 1013
542 129 1147
565 442 1058
798 406 993
489 752 1065
682 396 1034
677 414 1014
735 346 778
748 252 821
561 231 1014
962 297 980
156 155 898
696 388 1009
559 405 972
907 253 1077
94 93 886
409 599 1060
349 687 957
234 593 1044
1043 312 1127
435 795 938
390 685 973
428 1111 1121
772 390 1130
805 327 974
134 602 967
357 699 776
175 176 1135
218 36 1163
331 892 1073
266 711 1054
519 380 799
602 312 1043
696 269 856
703 339 949
375 768 1107
482 1031 1073
738 739 1052
191 192 983
471 955 1071
240 646 1145
910 379 990
346 872 880
59 58 1142
639 542 1147
921 505 1047
154 153 946
890 229 1095
687 375 960
400 734 877
650 403 724
83 82 943
793 570 1041
514 368 753
458 667 1000
756 410 886
808 217 1160
402 658 1072
374 710 741
305 723 1106
281 809 1131
791 439 830
129 128 1147
262 658 805
300 827 1094
304 676 1108
113 786 961
747 365 1003
925 419 1088
418 924 1089
513 668 1101
438 915 996
193 194 1007
568 292 1144
848 416 1172
1111 555 1121
875 451 1024
351 614 940
666 344 811
402 909 987
371 801 969
752 489 832
685 318 973
270 685 998
397 651 725
599 409 956
815 223 989
1096 621 1111
823 354 837
958 506 988
926 574 1135
352 627 843
277 814 978
773 412 793
465 907 1077
602 134 984
495 802 1116
708 514 1019
739 88 1052
365 784 1053
442 565 1046
890 579 1060
322 813 1100
750 294 1158
687 200 957
98 697 1154
795 369 938
691 426 1007
777 310 938
356 799 1055
381 853 858
1000 433 1075
337 606 866
299 799 800
34 739 1146
260 830 916
829 502 908
755 349 957
343 576 993
297 962 1057
590 300 1012
187 188 1109
742 355 966
781 223 815
256 621 1096
903 281 1131
327 586 974
1021 417 1110
85 84 1010
536 294 1122
459 663 1063
377 829 908
125 21 1006
182 183 1040
516 660 962
555 261 1137
507 960 1107
381 841 853
188 631 1109
285 733 1080
524 867 868
844 484 1030
723 305 1026
612 327 987
110 109 1068
501 844 1030
288 628 1120
392 679 860
86 85 1050
964 664 1142
392 674 1139
630 1043 1127
521 949 954
419 820 883
287 849 922
724 456 1105
369 777 938
158 157 1141
303 618 1033
744 83 943
401 673 1062
868 238 1005
325 806 1097
1059 674 1144
570 362 1041
364 616 985
234 655 1116
892 307 1177
342 633 897
380 785 991
636 317 1115
679 392 894
657 274 951
84 744 1010
410 756 1012
1133 430 1149
326 551 1032
763 329 1079
93 756 886
48 16 1153
503 854 919
173 714 863
611 460 1140
458 1000 1075
467 879 1020
683 247 874
816 479 1099
99 98 1154
664 486 1142
194 691 1007
162 35 1063
896 266 1054
393 701 810
720 164 884
101 100 1178
280 789 873
820 418 883
384 791 830
95 94 1150
167 740 979
457 763 1079
464 942 1028
733 285 965
266 747 1003
937 421 1033
322 1100 1167
879 372 1020
682 1034 1159
20 124 1065
36 160 1163
27 26 1099
368 514 708
711 538 1054
1046 366 1077
684 866 1097
176 1049 1135
432 697 1161
618 716 1039
551 899 1032
723 315 1106
795 435 1168
1100 601 1167
637 379 920
41 3 1082
275 853 888
842 285 1074
955 422 1071
634 321 1157
284 787 939
701 393 913
244 726 727
717 99 1154
781 343 993
239 785 1070
689 303 1033
725 23 1021
144 9 1048
405 559 979
813 322 956
746 394 1157
835 369 947
485 927 1078
935 351 940
478 909 1057
428 698 1096
484 875 1024
385 787 953
522 283 726
249 675 1136
738 313 739
408 823 837
799 380 800
676 441 1108
540 851 1124
799 299 1055
872 439 880
1049 454 1135
460 919 1140
817 272 926
254 795 1168
929 450 1167
437 981 1023
378 588 796
726 283 727
657 951 1051
769 16 961
393 810 874
853 430 888
223 653 1090
716 489 1039
349 692 945
370 835 947
449 731 1123
853 275 858
353 651 1152
534 1133 1149
866 325 1097
379 910 1044
409 813 956
814 350 978
35 824 1063
770 284 939
771 342 1084
911 596 1042
759 425 1102
741 274 1125
914 511 1168
406 781 993
737 347 1173
827 511 1094
267 1022 1084
862 447 1159
633 345 897
267 897 1035
265 904 1053
780 549 1136
305 720 1026
695 101 1178
493 970 1176
897 267 1084
752 348 855
285 1080 1098
653 304 1108
927 501 1078
737 48 1153
428 1096 1111
333 1042 1117
451 737 1173
740 405 979
321 746 1157
1113 491 1166
490 1112 1165
915 563 996
699 357 984
746 321 1081
222 797 1000
1090 653 1108
262 759 1102
16 769 1153
450 958 988
380 519 1070
841 430 853
1035 493 1176
609 1113 1166
1112 608 1165
221 743 1143
919 293 1140
487 1093 1170
620 367 758
851 548 1124
235 932 1121
274 657 1125
348 752 832
942 429 1028
367 632 758
761 421 1174
447 682 1159
737 451 1128
1034 308 1159
343 815 1076
632 368 708
271 794 1073
933 424 1025
867 414 868
192 893 983
675 780 1136
823 408 1047
621 311 1111
423 729 1013
658 262 1102
267 1035 1176
623 221 1143
887 420 1022
909 402 1057
756 590 1012
416 827 1011
267 887 1022
496 900 1129
794 331 1073
849 448 922
801 272 969
959 249 1136
527 1088 1169
797 433 1000
895 437 1148
757 456 990
615 936 1016
362 818 1093
94 886 1150
981 504 1023
1094 511 1126
731 224 1123
426 893 1007
859 125 1006
399 814 1029
241 629 800
413 705 989
290 910 990
858 275 1020
527 772 1130
422 955 1076
766 399 1103
815 422 1076
674 258 1139
1020 275 1155
232 773 793
460 933 1025
839 297 1057
893 426 983
929 215 958
258 843 1139
454 817 926
1002 496 1129
814 277 1029
511 914 1126
372 858 1020
893 193 1007
1042 596 1117
58 964 1142
668 898 1101
360 977 1134
887 267 1176
1080 623 1098
1074 285 1098
244 577 762
342 897 1084
378 842 1074
892 540 1124
370 796 835
661 343 1076
435 914 1168
402 839 1057
347 789 1173
278 906 1028
891 242 1087
315 709 1106
677 455 1158
457 1079 1119
720 884 1026
395 769 961
437 1023 1148
242 684 1097
724 403 995
382 896 1054
936 296 1016
202 755 1066
809 335 1131
841 219 1149
762 577 774
763 187 1109
299 562 1055
85 1010 1050
427 881 1040
475 1094 1126
914 236 1126
430 841 1149
869 288 1120
1079 512 1119
839 402 1072
739 313 1146
1004 432 1161
323 819 1086
970 398 1176
860 568 1144
1093 279 1170
906 464 1028
105 864 1083
50 761 1174
849 360 1134
976 499 1083
768 282 1107
1010 510 1050
809 281 977
450 929 958
441 1090 1108
425 1072 1102
242 806 1087
889 457 1119
824 459 1063
904 459 1053
263 889 1119
963 518 1037
881 182 1040
549 959 1136
526 1036 1103
390 831 1130
883 286 1169
448 849 1134
868 414 1008
583 903 1131
462 963 1037
977 517 1134
307 892 1124
884 483 1026
419 883 1169
30 895 1148
924 12 1089
15 925 1088
970 493 1156
483 723 1026
618 937 1033
266 896 1085
253 1046 1077
467 1020 1155
171 970 1156
726 244 762
898 155 1101
374 1017 1018
456 783 1105
806 242 1097
932 428 1121
219 1056 1149
897 345 1035
398 887 1176
1024 280 1030
463 869 1120
295 1132 1180
572 852 1162
817 454 1118
438 996 1061
1030 280 1078
996 212 1061
1072 658 1102
474 741 1125
773 232 1027
1041 362 1093
963 462 1141
487 1041 1093
285 842 965
454 926 1135
399 1029 1103
157 963 1141
834 416 1011
994 353 1152
832 289 1162
124 1039 1065
421 937 1174
818 279 1093
261 935 940
1039 489 1065
291 999 1165
900 237 1129
999 490 1165
484 1024 1030
272 801 1179
1074 480 1087
1132 529 1180
480 891 1087
238 868 1008
497 1002 1129
501 1030 1078
476 859 1006
899 411 1032
416 834 1172
1029 526 1103
1056 534 1149
480 1074 1098
481 994 1152
1023 150 1148
1017 547 1018
27 699 984
1203 1278 1315
1217 1271 1388
1202 1298 1302
1514 1299 1587
1194 1269 1611
1308 1209 1454
1271 1217 1362
1299 1208 1587
1236 1270 1554
135 1276 1421
1339 10 1401
9 144 1292
91 1322 1403
1353 1412 1491
1292 144 1339
1406 1233 1411
1283 1190 1485
17 118 1298
1313 1233 1406
17 1298 1530
1276 135 1354
1215 1287 1351
1182 1290 1392
1295 72 1443
1290 1227 1392
1454 1209 1500
1332 1389 1574
1355 120 1506
1262 1481 1496
1332 1186 1389
1212 1291 1332
1306 1262 1496
1225 1339 1424
1286 89 1403
1301 127 1341
1269 1194 1465
1311 1226 1369
1302 1298 1583
74 1323 1443
1485 1190 1560
59 1324 1366
1287 1215 1477
1213 1290 1431
1291 1224 1453
1238 1288 1468
90 91 1403
1303 55 1360
1325 1235 1439
1399 1194 1611
1339 1256 1424
1202 1302 1375
9 1292 1340
1190 1283 1618
1305 1186 1328
1353 1214 1412
1285 1355 1506
78 79 1306
1333 1232 1499
1289 1485 1560
1324 59 1409
1270 1236 1359
136 1291 1354
73 74 1443
7 1286 1408
42 43 1325
1225 1292 1339
1338 1205 1518
1291 1212 1354
1325 1439 1558
1311 1184 1412
25 127 1301
1290 1213 1364
1216 1266 1568
76 77 1309
54 55 1303
1232 1440 1499
1325 43 1489
1266 1216 1360
1356 28 1378
1217 1300 1602
1310 1185 1334
1477 110 1478
115 114 1294
1295 1214 1353
1223 1304 1599
1332 1291 1453
1273 1338 1518
1310 1223 1599
1365 1451 1594
1336 1187 1457
1308 1189 1346
1292 1225 1321
1192 1286 1403
1215 1351 1588
58 59 1366
1471 1371 1531
137 31 1376
1214 1295 1443
1344 1231 1481
96 97 1319
1351 1305 1588
44 45 1320
1192 1322 1601
1412 1184 1507
1305 1209 1588
83 84 1313
59 25 1409
1365 1253 1451
1564 1218 1569
1348 1218 1564
1209 1308 1588
78 1306 1428
1256 1339 1401
72 73 1443
1232 1288 1370
119 1355 1394
1555 100 1598
1231 1448 1481
1398 1236 1554
1256 1326 1589
96 1319 1546
1287 1477 1478
1187 1336 1357
1296 1213 1431
1207 1320 1442
1288 1232 1456
1317 109 1477
1186 1305 1351
1215 1317 1477
44 1320 1420
1427 105 1483
1290 1182 1431
1257 1207 1363
1322 1284 1601
1303 1360 1545
48 17 1530
1252 1229 1410
131 28 1356
99 100 1555
1482 48 1530
1309 77 1428
112 14 1327
1185 1310 1599
1282 1388 1440
1291 136 1479
1203 1378 1474
1244 1355 1470
1388 1198 1440
1503 1218 1555
1224 1291 1479
1355 1244 1394
31 67 1376
1304 1223 1382
1301 1341 1502
1362 1217 1602
1393 143 1450
11 106 1326
138 139 1372
1203 1315 1356
1468 1288 1610
20 1475 1537
1230 1317 1346
1470 1355 1573
47 15 1312
111 112 1350
1204 1304 1382
1317 1215 1346
1343 1237 1386
1247 1295 1550
1329 1277 1600
1363 6 1509
1395 1181 1488
1314 46 1519
1241 1348 1540
1210 1343 1386
1277 1558 1600
1326 106 1427
1346 1215 1588
1311 1369 1501
27 134 1433
119 120 1355
1446 1241 1540
1294 1534 1596
1377 1190 1618
1300 1217 1597
88 7 1408
1245 1375 1377
1205 1365 1387
1306 1228 1428
1360 1216 1545
1297 1503 1555
1208 1299 1503
1243 1422 1448
1295 1247 1436
1368 1229 1385
1258 1367 1553
1265 1336 1457
1206 1337 1381
1227 1290 1429
1209 1305 1565
1337 1230 1381
1288 1238 1397
1418 130 1445
1261 1371 1471
63 64 1414
101 1307 1598
1308 1346 1588
1375 1190 1377
1412 1239 1491
1205 1338 1538
109 110 1477
1365 1254 1387
1414 64 1512
1367 1526 1553
1196 1471 1531
1279 1461 1539
1309 1428 1577
1217 1388 1418
72 1295 1436
54 1303 1373
1263 1327 1513
1451 1193 1594
91 92 1322
1211 1330 1502
1202 1375 1492
1294 114 1459
1428 1228 1577
1350 1245 1377
1210 1331 1396
138 1372 1585
1280 1510 1551
1257 1363 1509
1371 1204 1382
142 143 1393
124 20 1537
1461 1181 1539
130 26 1445
1330 1268 1502
1305 1328 1565
1248 1371 1382
1323 1214 1443
117 116 1342
98 99 1352
1333 122 1456
1221 1350 1377
29 135 1421
1203 1356 1378
1389 1283 1574
1336 1234 1357
1331 65 1396
144 10 1339
1303 1220 1373
1342 1294 1596
1327 14 1513
1314 1197 1554
105 104 1483
55 56 1360
100 101 1598
1342 116 1522
1313 84 1444
1319 97 1473
16 1482 1582
1310 1205 1387
1197 1314 1520
1320 1207 1384
60 1300 1378
25 1301 1409
1181 1383 1488
5 6 1363
1326 1256 1401
1346 1189 1423
1341 1211 1502
46 1314 1528
1220 1303 1545
1313 1231 1449
1226 1323 1438
1316 1208 1390
1205 1310 1518
1219 1321 1357
1378 1300 1474
1183 1368 1385
1223 1310 1387
1350 112 1517
1213 1296 1561
1388 1282 1418
1315 1278 1433
43 44 1489
1220 1324 1409
83 1313 1449
1312 1263 1513
1233 1313 1444
110 111 1478
1262 1306 1486
1186 1351 1389
115 1294 1522
109 1317 1437
44 1420 1489
1228 1306 1496
1297 1555 1598
1263 1312 1526
87 5 1613
122 123 1456
1218 1352 1555
1379 1243 1448
1321 1187 1357
1307 101 1543
1321 1219 1570
1231 1313 1406
1309 1251 1480
1306 79 1486
1324 1220 1545
135 136 1354
1234 1525 1533
1318 1249 1576
16 48 1482
1235 1416 1439
1324 1216 1366
47 1312 1513
1390 1208 1615
69 70 1349
1388 1271 1467
1226 1311 1498
1191 1406 1411
1198 1388 1467
1304 1204 1446
1352 99 1555
65 1331 1512
1249 1318 1460
1374 1280 1551
1317 1230 1437
1229 1407 1410
76 1309 1480
1244 1302 1394
1251 1309 1476
1331 1210 1386
7 34 1286
65 66 1396
1214 1311 1412
1184 1311 1501
1307 1390 1615
1416 1280 1439
46 13 1519
1207 1257 1384
1322 1192 1403
130 1418 1616
1419 1264 1556
1230 1346 1423
1290 1364 1429
1349 1209 1565
1250 1331 1386
1206 1336 1547
1322 92 1487
23 126 1464
1334 1185 1413
128 129 1370
1525 1316 1533
1354 1212 1563
1238 1341 1586
1281 1349 1565
1189 1308 1454
1265 1426 1432
143 33 1450
1208 1316 1587
1337 108 1437
1286 1192 1567
112 1327 1517
1350 1221 1478
95 96 1469
1311 1214 1498
1270 1314 1554
1478 1221 1548
85 1329 1444
1481 1195 1496
1276 1354 1563
33 75 1450
57 23 1495
1284 1419 1556
1349 1281 1609
61 62 1362
113 16 1582
1298 1202 1592
1312 15 1579
69 1349 1609
1236 1427 1483
1300 60 1602
1251 1393 1450
1298 118 1583
1216 1324 1545
1278 1203 1605
1208 1503 1615
1302 1244 1472
122 1333 1463
1475 1249 1537
1361 1226 1438
1210 1396 1603
132 131 1356
1328 1186 1453
1364 1196 1429
134 133 1315
1318 50 1460
1344 82 1449
24 58 1490
1526 1312 1596
1196 1347 1429
1426 107 1432
1310 1334 1518
1279 1347 1461
1364 1272 1471
64 65 1512
1 81 1462
1523 1238 1617
1362 62 1571
1469 96 1546
1352 1241 1473
1333 1237 1463
1259 1366 1568
23 1464 1495
1376 1224 1479
1361 32 1585
1439 1200 1558
32 138 1585
80 1 1462
1323 1226 1498
1239 1381 1423
1336 1265 1547
1380 1240 1402
1273 1334 1606
1422 1195 1448
1336 1206 1584
1326 1236 1398
1510 1182 1551
1321 1225 1455
128 1370 1397
1382 1223 1383
1334 1222 1606
141 1338 1544
1186 1332 1453
1199 1526 1596
1482 1293 1582
98 1352 1473
1327 1263 1532
1407 1257 1410
1330 1211 1576
1397 1238 1586
1326 1398 1589
50 1318 1617
108 1337 1432
1319 1473 1578
1343 121 1463
42 1325 1511
1248 1382 1383
1323 74 1438
1191 1391 1504
1222 1334 1413
1214 1323 1498
1402 1240 1447
1335 1213 1561
18 1468 1610
1264 1335 1561
1292 1321 1570
1511 1325 1558
21 125 1484
1330 51 1575
1389 1351 1548
1277 1511 1558
1345 1225 1424
1235 1325 1489
1219 1390 1543
53 54 1373
1229 1252 1595
1194 1369 1465
1284 1322 1487
1271 1362 1571
67 68 1404
1376 67 1404
1211 1318 1576
1329 85 1508
101 1340 1543
1233 1329 1600
1458 1285 1612
1369 1194 1514
121 1343 1506
1430 1191 1504
1237 1343 1463
13 107 1426
108 109 1437
1603 1458 1612
103 102 1359
1200 1374 1400
1204 1549 1578
1402 1193 1577
1212 1332 1574
1329 1233 1444
28 60 1378
1193 1476 1577
82 83 1449
1275 1369 1514
1236 1326 1427
1213 1335 1591
1374 1246 1400
1295 1353 1550
94 1335 1559
6 88 1509
1338 141 1466
1260 1418 1445
1225 1345 1455
1288 1456 1610
1237 1333 1499
1230 1337 1437
1391 1246 1392
1510 1280 1529
22 57 1536
20 51 1475
1254 1395 1488
1391 1191 1411
84 85 1444
1246 1391 1411
118 119 1394
51 1330 1475
1197 1345 1424
132 1356 1593
1425 71 1436
1227 1391 1392
1275 1514 1587
1232 1333 1456
1320 45 1442
1341 1238 1523
136 137 1479
1253 1338 1466
1386 1237 1434
1277 1329 1508
21 1484 1505
1379 1191 1430
1196 1364 1471
1369 1275 1501
1249 1475 1576
1526 1199 1553
82 1344 1521
1380 1195 1422
1549 1319 1578
1353 1189 1550
1243 1379 1430
1314 1270 1528
1232 1370 1405
1399 1222 1413
1334 1273 1518
1245 1327 1492
1337 1206 1547
1331 1250 1512
1272 1335 1557
1211 1341 1523
88 1408 1410
1335 1272 1591
1370 1288 1397
114 113 1459
1240 1380 1422
1183 1385 1601
1286 1252 1408
140 141 1544
1231 1344 1449
1349 70 1425
1534 1199 1596
1272 1364 1591
1366 1216 1568
1229 1368 1497
1318 1523 1617
1250 1386 1434
70 71 1425
1239 1423 1491
1287 1478 1548
1335 1264 1559
1380 1228 1496
1209 1349 1500
1187 1321 1455
1390 1307 1543
1247 1425 1436
1370 129 1405
1238 1468 1617
50 19 1460
1274 1399 1413
74 32 1438
1347 1248 1461
1338 1273 1544
1327 1245 1517
1372 1269 1585
1519 1242 1520
1233 1400 1411
1343 1210 1612
1224 1376 1404
93 94 1559
1245 1350 1517
1395 1254 1447
89 90 1403
1258 1482 1530
1242 1426 1457
92 8 1487
1368 1255 1497
32 1361 1438
53 1373 1493
3 41 1494
1228 1380 1402
15 117 1579
1429 1347 1566
103 1359 1483
1276 1515 1535
1556 1183 1601
1296 1452 1561
51 52 1575
86 3 1494
1189 1353 1491
1274 1564 1569
1335 94 1557
1558 1200 1600
120 121 1506
13 1426 1519
1268 1330 1575
1379 1231 1406
111 1350 1478
1400 1246 1411
1318 1211 1523
1338 1253 1538
1395 1240 1417
71 72 1436
1374 1200 1439
1475 1330 1576
1347 1279 1566
1344 1262 1521
107 108 1432
1372 139 1435
1280 1374 1439
1248 1347 1531
1294 1342 1522
1191 1379 1406
1314 1519 1520
1193 1402 1447
1266 1360 1505
1316 1390 1533
1280 1416 1529
1347 1196 1531
1262 1344 1481
117 1342 1579
1181 1395 1417
1253 1393 1451
1201 1470 1573
1361 1269 1465
11 1326 1401
8 93 1419
104 103 1483
88 1410 1509
1248 1383 1461
1383 1181 1461
1381 1230 1423
1351 1287 1548
1375 1245 1492
1524 12 1528
1188 1320 1384
1250 1414 1512
1352 1218 1581
1272 1469 1471
77 78 1428
102 12 1524
134 1315 1433
1360 56 1505
1393 1251 1451
1375 1302 1472
139 140 1435
1218 1348 1581
1241 1352 1581
60 61 1602
1348 1241 1581
12 46 1528
49 50 1617
1341 127 1586
4 1441 1442
1345 1197 1520
1340 1292 1570
1358 1234 1584
1247 1454 1500
1243 1417 1422
1234 1358 1525
1226 1361 1465
1202 1367 1592
106 105 1427
1266 1415 1568
1417 1240 1422
1364 1213 1591
1503 1297 1615
85 86 1508
1426 1265 1457
5 1363 1613
1421 1276 1535
1469 1261 1471
1220 1409 1542
1385 1229 1595
1183 1452 1516
1400 1233 1600
1231 1379 1448
1384 1257 1407
1407 1229 1497
1418 1282 1616
1358 1206 1572
1190 1375 1472
1359 1236 1483
4 87 1441
1409 1301 1542
81 82 1521
1255 1510 1529
1366 1259 1490
1185 1540 1564
1355 1285 1573
126 24 1464
137 1376 1479
1369 1226 1465
1263 1367 1532
1270 1359 1524
1206 1358 1584
56 21 1505
121 122 1463
142 1393 1466
141 142 1466
1255 1516 1527
18 49 1468
1464 24 1490
75 76 1480
1540 1348 1564
1387 1254 1488
1223 1387 1488
1456 123 1610
1440 1198 1499
27 1433 1590
1242 1345 1520
97 98 1473
1405 1282 1440
1367 1202 1532
1396 1267 1603
1219 1357 1533
1328 1453 1608
1222 1372 1606
1221 1389 1548
1232 1405 1440
1240 1395 1447
1453 1224 1608
1390 1219 1533
116 115 1522
1393 1253 1466
1270 1524 1528
1426 1242 1519
1315 133 1593
1448 1195 1481
66 29 1552
79 80 1486
1234 1336 1584
1416 1235 1580
1418 1260 1597
1441 1207 1442
1413 1185 1564
1206 1381 1572
1356 1315 1593
1235 1420 1580
125 22 1484
1497 1255 1529
1367 1258 1592
123 18 1610
1408 1252 1410
1281 1404 1609
129 130 1616
1485 1289 1563
1181 1417 1539
1358 1184 1525
1474 1300 1597
1398 1197 1589
52 53 1493
1447 1254 1594
1434 1237 1499
1253 1365 1538
1446 1204 1578
1516 1296 1527
127 128 1586
1320 1188 1580
1345 1242 1604
1189 1454 1550
133 132 1593
1269 1361 1585
1383 1223 1488
1365 1205 1538
1264 1419 1559
1184 1358 1507
1452 1296 1516
1195 1380 1496
1404 1281 1608
1255 1368 1516
1470 1201 1515
1246 1374 1551
14 47 1513
1194 1399 1562
1227 1429 1566
41 42 1511
1289 1470 1515
1414 1250 1467
1283 1389 1618
1389 1221 1618
1399 1274 1562
1368 1183 1516
1204 1371 1549
1269 1372 1611
1254 1365 1594
1372 1435 1606
1243 1430 1539
1367 1263 1526
1197 1398 1554
1372 1222 1611
1271 1414 1467
1239 1412 1507
1267 1396 1552
1515 1201 1535
1371 1248 1531
1419 1284 1487
1371 1261 1549
1359 102 1524
1430 1279 1539
1357 1234 1533
94 95 1557
62 63 1571
1274 1413 1564
1493 1373 1607
1250 1434 1467
19 124 1537
118 1394 1583
1219 1340 1570
1459 1293 1534
1349 1425 1500
1434 1198 1467
1391 1227 1504
1433 1278 1590
1373 1220 1607
61 1362 1602
68 69 1609
1259 1415 1495
1419 93 1559
1420 1235 1489
1473 1241 1578
1212 1485 1563
58 1366 1490
1415 1266 1536
1451 1251 1476
1392 1246 1551
1363 1207 1441
1224 1404 1608
29 1421 1552
1405 129 1616
1464 1259 1495
1450 75 1480
1546 1319 1549
1261 1546 1549
1404 68 1609
1421 1267 1552
1482 1258 1553
1432 1337 1547
1396 66 1552
1293 1482 1553
1415 57 1495
1431 1182 1527
1484 1266 1505
1221 1377 1618
1244 1470 1560
1304 1446 1540
1472 1244 1560
1260 1541 1605
1435 140 1544
1416 1188 1529
1424 1256 1589
1445 26 1541
1188 1384 1407
1193 1451 1476
1192 1385 1567
1252 1286 1567
8 1419 1487
1381 1239 1572
1541 1278 1605
1525 1184 1614
26 27 1590
1251 1450 1480
1423 1189 1491
1217 1418 1597
1425 1247 1500
1316 1525 1614
1273 1435 1544
1502 1268 1542
1182 1392 1551
1534 1293 1553
1457 1187 1604
80 1462 1486
1198 1434 1499
1187 1455 1604
1394 1302 1583
1262 1462 1521
1340 1219 1543
1462 1262 1486
1296 1431 1527
1469 1272 1557
1301 1502 1542
1199 1534 1553
1565 1328 1608
1261 1469 1546
1294 1459 1534
1415 1259 1568
1410 1257 1509
1264 1452 1556
1503 1299 1569
1279 1430 1504
1218 1503 1569
1197 1424 1589
1417 1243 1539
1458 1201 1573
1188 1416 1580
1222 1399 1611
1285 1458 1573
1267 1421 1535
1266 1484 1536
1281 1565 1608
1228 1402 1577
1190 1472 1560
1265 1432 1547
63 1414 1571
1210 1603 1612
1363 1441 1613
1460 19 1537
1200 1400 1600
1188 1407 1497
1182 1510 1527
95 1469 1557
86 1494 1508
1414 1271 1571
1514 1194 1562
1462 81 1521
1260 1445 1541
1201 1458 1535
1259 1464 1490
1277 1494 1511
1494 41 1511
1299 1514 1562
1452 1183 1556
1458 1267 1535
1420 1320 1580
1494 1277 1508
128 1397 1586
1282 1405 1616
57 1415 1536
1441 87 1613
1567 1385 1595
1289 1515 1563
1293 1459 1582
1312 1579 1596
1385 1192 1601
1484 22 1536
1284 1556 1601
1188 1497 1529
1492 1327 1532
1454 1247 1550
1485 1212 1574
1283 1485 1574
1203 1474 1605
1241 1446 1578
1202 1492 1532
1193 1447 1594
1493 1268 1575
1470 1289 1560
1242 1457 1604
1260 1474 1597
1504 1227 1566
1435 1273 1606
1474 1260 1605
1452 1264 1561
1249 1460 1537
1579 1342 1596
1510 1255 1527
1540 1185 1599
1459 113 1582
1258 1530 1592
1304 1540 1599
1220 1542 1607
1285 1506 1612
1562 1274 1569
1476 1309 1577
1267 1458 1603
1455 1345 1604
1506 1343 1612
1299 1562 1569
1279 1504 1566
1468 49 1617
52 1493 1575
1515 1276 1563
1507 1358 1572
1184 1501 1614
1530 1298 1592
1239 1507 1572
1268 1493 1607
1252 1567 1595
1541 26 1590
1501 1275 1614
1542 1268 1607
1587 1316 1614
1275 1587 1614
1598 1307 1615
1278 1541 1590
1297 1598 1615
45 4 1442
10 11 1401
101 9 1340
34 89 1286
