3 41
41 42
42 43
43 44
44 45
45 4
5 6
7 34
10 11
12 46
46 13
14 47
47 15
16 48
48 17
18 49
49 50
50 19
20 51
51 52
52 53
53 54
54 55
55 56
56 21
22 57
57 23
24 58
58 59
59 25
26 27
28 60
60 61
61 62
62 63
63 64
64 65
65 66
66 29
31 67
67 68
68 69
69 70
70 71
71 72
72 73
73 74
74 32
33 75
75 76
76 77
77 78
78 79
79 80
80 1
1 81
81 82
82 83
83 84
84 85
85 86
86 3
4 87
87 5
6 88
88 7
34 89
89 90
90 91
91 92
92 8
8 93
93 94
94 95
95 96
96 97
97 98
98 99
99 100
100 101
101 9
12 102
102 103
103 104
104 105
105 106
106 11
13 107
107 108
108 109
109 110
110 111
111 112
112 14
16 113
113 114
114 115
115 116
116 117
117 15
17 118
118 119
119 120
120 121
121 122
122 123
123 18
19 124
124 20
21 125
125 22
23 126
126 24
25 127
127 128
128 129
129 130
130 26
28 131
131 132
132 133
133 134
134 27
29 135
135 136
136 137
137 31
32 138
138 139
139 140
140 141
141 142
142 143
143 33
9 144
144 10
1 145
145 146
146 147
147 2
30 148
30 148
148 149
148 149
149 31
149 31
30 150
30 150
150 151
150 151
151 152
151 152
152 153
152 153
153 154
153 154
154 155
154 155
155 156
155 156
156 157
156 157
157 158
157 158
158 159
158 159
159 35
159 35
36 160
36 160
160 161
160 161
161 162
161 162
162 35
162 35
2 163
163 164
164 165
165 166
166 167
167 168
168 169
169 170
170 171
171 172
172 37
37 173
37 173
173 174
173 174
174 175
174 175
175 176
175 176
176 177
176 177
177 178
177 178
178 179
178 179
179 180
179 180
180 181
180 181
181 39
181 39
39 182
39 182
182 183
182 183
183 184
183 184
184 185
184 185
185 186
185 186
186 187
186 187
187 188
187 188
188 189
188 189
189 190
189 190
190 191
190 191
191 192
191 192
192 40
192 40
40 193
40 193
193 194
193 194
194 195
194 195
195 196
195 196
196 197
196 197
197 198
197 198
198 199
198 199
199 200
199 200
200 201
200 201
201 38
201 38
38 202
202 203
203 204
204 205
205 206
206 207
207 208
208 209
209 210
210 211
211 212
212 213
213 214
214 215
215 216
216 217
217 218
218 36
