1.84383 0.802335
1.81723 0.970185
1.81723 0.970185
1.93171 1.05891
1.93171 1.05891
1.93171 1.05891
1.93171 1.05891
1.92002 1.09518
1.92002 1.09518
1.92002 1.09518
1.92002 1.09518
1.92002 1.09518
2.10632 1.37056
2.0878 1.4099
2.0878 1.4099
2.0878 1.4099
2.0878 1.4099
2.0878 1.4099
2.0878 1.4099
2.0878 1.4099
2.26296 1.66453
2.22696 1.84925
2.22696 1.84925
2.22696 1.84925
2.22696 1.84925
2.31214 1.80642
2.31214 1.80642
2.42616 2.02187
2.42616 2.02187
2.42616 2.02187
2.42616 2.02187
2.33767 2.21089
2.33767 2.21089
2.33767 2.21089
2.33767 2.21089
2.50316 2.44451
2.50316 2.44451
2.50316 2.44451
2.36735 2.73996
2.36735 2.73996
2.36735 2.73996
2.36735 2.73996
2.45117 2.84499
2.45117 2.84499
2.38411 2.94893
2.38411 2.94893
2.38411 2.94893
2.38411 2.94893
2.48618 3.30804
2.48618 3.30804
2.48618 3.30804
2.48618 3.30804
2.40448 3.39794
2.45907 3.82868
2.45907 3.82868
2.16157 3.58769
2.16157 3.58769
2.16157 3.58769
2.16157 3.58769
2.16364 4.1567
2.16364 4.1567
2.16364 4.1567
2.16364 4.1567
2.16318 4.15703
2.13148 4.66428
2.12766 4.66041
2.12766 4.66041
2.12766 4.66041
2.12766 4.66041
2.12766 4.66041
2.12766 4.66041
1.88009 5.22949
1.88009 5.22949
1.88009 5.22949
1.76184 5.00523
1.76184 5.00523
1.76184 5.00523
1.76184 5.00523
1.76184 5.00523
1.26107 5.91879
1.26107 5.91879
1.1968 5.72102
1.1968 5.72102
1.1968 5.72102
1.1968 5.72102
0.75414 5.56176
0.75414 5.56176
0.645533 5.20522
0.0177013 6.15704
0.0177013 6.15704
0.0177013 6.15704
0.0177013 6.15704
0.0177013 6.15704
0.0177013 6.15704
0.0177013 6.15704
-0.174519 5.52464
-0.174519 5.52464
-0.174519 5.52464
-0.174519 5.52464
-0.694751 6.13971
