0 0.109 0
0 0.122 0
0.013 0.122 0
0.031 0.122 0
0.033 0.12 0
0.033 0.119 0
0.035 0.117 0
0.03782 0.10546 0
0.03752 0.07709 0
0.04064 0.076 0
0.044 0.076 0
0.044 0.064 0
0.0385 0.064 0
0.0385 0.051 0
0.044 0.051 0
0.044 0.039 0
0.0395 0.039 0
0.0395 0.026 0
0.04743 0.026 0
0.0505 0.02346 0
0.05347 0.00346 0
0.05039 0 0
0.044 0 0
0.041 0.003 0
0.041 0.013 0
0.031 0.013 0
0.031 0.01125 0
0.0205 0.01125 0
0.0205 0.0365 0
0.013 0.0365 0
0.013 0.044 0
0.013 0.074 0
0 0.087 0
0.0355 0.117 0
0.013 0 0
0 0 0
0 0.3 0
0 -0.3 0
0.5 0.3 0
0.5 -0.3 0
0.016 0.122 0
0.019 0.122 0
0.022 0.122 0
0.025 0.122 0
0.028 0.122 0
0.04125 0.064 0
0.04125 0.051 0
0.04175 0.039 0
0.0421433 0.026 0
0.0447867 0.026 0
0.0509243 0.0206029 0
0.0513486 0.0177457 0
0.0517729 0.0148886 0
0.0521971 0.0120314 0
0.0526214 0.00917429 0
0.0530457 0.00631714 0
0.047195 0 0
0.041 0.00633333 0
0.041 0.00966667 0
0.0205 0.0144062 0
0.0205 0.0175625 0
0.0205 0.0207187 0
0.0205 0.023875 0
0.0205 0.0270312 0
0.0205 0.0301875 0
0.0205 0.0333437 0
0.013 0.0473333 0
0.013 0.0506667 0
0.013 0.054 0
0.013 0.0573333 0
0.013 0.0606667 0
0.013 0.064 0
0.013 0.0673333 0
0.013 0.0706667 0
0 0.0901429 0
0 0.0932857 0
0 0.0964286 0
0 0.0995714 0
0 0.102714 0
0 0.105857 0
0.00289277 0.109326 0
0.00564049 0.110287 0
0.00810537 0.111836 0
0.0101638 0.113895 0
0.0117126 0.11636 0
0.0126741 0.119107 0
0.0324142 0.121414 0
0.0335858 0.117586 0
0.038631 0.116118 0
0.0408418 0.113732 0
0.0414826 0.110543 0
0.040365 0.107488 0
0.0354179 0.103252 0
0.0334539 0.100646 0
0.0319926 0.0977285 0
0.0310821 0.0945952 0
0.0307522 0.091349 0
0.0310139 0.0880965 0
0.0318584 0.0849448 0
0.0332581 0.0819973 0
0.0351669 0.0793509 0
0.047 0.0648038 0
0.0491962 0.067 0
0.05 0.07 0
0.0491962 0.073 0
0.047 0.0751962 0
0.0356798 0.0633563 0
0.0334181 0.0615527 0
0.032163 0.0589464 0
0.032163 0.0560536 0
0.0334181 0.0534473 0
0.0356798 0.0516437 0
0.047 0.0398038 0
0.0491962 0.042 0
0.05 0.045 0
0.0491962 0.048 0
0.047 0.0501962 0
0.0366798 0.0383563 0
0.0344181 0.0365527 0
0.033163 0.0339464 0
0.033163 0.0310536 0
0.0344181 0.0284473 0
0.0366798 0.0266437 0
0.0493879 0.0252731 0
0.0527491 0.000967085 0
0.0418787 0.00087868 0
0.0400451 0.0159389 0
0.0375451 0.0177553 0
0.0344549 0.0177553 0
0.0319549 0.0159389 0
0.0215027 0.00816413 0
0.0241277 0.00625695 0
0.0273723 0.00625695 0
0.0299973 0.00816413 0
0.0199291 0.0393701 0
0.0183033 0.0418033 0
0.0158701 0.0434291 0
0.0126741 0.0768928 0
0.0117126 0.0796405 0
0.0101638 0.0821054 0
0.00810537 0.0841638 0
0.00564049 0.0857126 0
0.00289277 0.0866741 0
0.0389872 0.0762787 0
0 0.11225 0
0 0.1155 0
0 0.11875 0
0.013 0.039 0
0.013 0.0415 0
0.013 0.0331818 0
0.013 0.0298636 0
0.013 0.0265455 0
0.013 0.0232273 0
0.013 0.0199091 0
0.013 0.0165909 0
0.013 0.0132727 0
0.013 0.00995455 0
0.013 0.00663636 0
0.013 0.00331818 0
0.00325 0 0
0.0065 0 0
0.00975 0 0
0 0.125549 0
0 0.130089 0
0 0.135896 0
0 0.143324 0
0 0.152825 0
0 0.164978 0
0 0.180524 0
0 0.200409 0
0 0.225845 0
0 0.258382 0
0.05 0.3 0
0.1 0.3 0
0.15 0.3 0
0.2 0.3 0
0.25 0.3 0
0.3 0.3 0
0.35 0.3 0
0.4 0.3 0
0.45 0.3 0
0.5 0.25 0
0.5 0.2 0
0.5 0.15 0
0.5 0.1 0
0.5 0.05 0
0.5 7.8032e-13 0
0.5 -0.05 0
0.5 -0.1 0
0.5 -0.15 0
0.5 -0.2 0
0.5 -0.25 0
0.45 -0.3 0
0.4 -0.3 0
0.35 -0.3 0
0.3 -0.3 0
0.25 -0.3 0
0.2 -0.3 0
0.15 -0.3 0
0.1 -0.3 0
0.05 -0.3 0
0 -0.255104 0
0 -0.216479 0
0 -0.183249 0
0 -0.15466 0
0 -0.130064 0
0 -0.108904 0
0 -0.0906998 0
0 -0.0750381 0
0 -0.0615639 0
0 -0.0499718 0
0 -0.0399988 0
0 -0.0314188 0
0 -0.0240373 0
0 -0.0176867 0
0 -0.0122232 0
0 -0.00752286 0
0 -0.00347901 0
0.270115 0.0429845 0
0.149139 0.0371401 0
0.134409 0.132591 0
0.0906506 0.0575 0
0.0830846 -0.0763934 0
0.0990766 0.0117627 0
0.0733123 0.0966369 0
0.0813499 0.153482 0
0.0442652 -0.0427611 0
0.0654741 0.0340814 0
0.0282512 -0.0150311 0
0.224568 -0.0773813 0
0.0737312 0.0143543 0
0.0845049 -0.0265621 0
0.028809 0.150354 0
0.153073 -0.0309697 0
0.0493169 -0.0216345 0
0.0498385 0.0922945 0
0.0667019 0.0511007 0
0.0697622 -0.00278917 0
0.0533996 0.138507 0
0.0740542 0.0726198 0
0.0629144 0.117138 0
0.100408 0.0859759 0
0.360152 -0.0667125 0
0.0404197 0.123197 0
0.207338 0.09314 0
0.316703 0.168334 0
0.0918716 -0.168954 0
0.0148888 0.135712 0
0.0881463 0.0317058 0
0.0322013 -0.00199776 0
0.0614274 0.0236226 0
0.211868 0.00628842 0
0.0416352 0.084 0
0.0524485 0.1048 0
0.0555748 0.083193 0
0.0396954 -0.0079673 0
0.117534 0.0418713 0
0.139217 0.0755224 0
0.0551582 0.0336829 0
0.0625448 0.0650309 0
0.0569648 -0.0115409 0
0.219615 0.198021 0
0.386334 0.0757008 0
0.292018 -0.172754 0
0.011375 -0.0112964 0
0.0225742 -0.00355906 0
0.053818 0.200633 0
0.021713 -0.0365701 0
0.149497 -0.10523 0
0.0556715 0.0566715 0
0.0643127 0.00933832 0
0.134665 0.223088 0
0.0461083 0.0326038 0
0.0266278 0.133982 0
0.277827 -0.0327429 0
0.0345068 -0.0822886 0
0.0599433 0.0431341 0
0.127826 0.0129265 0
0.118967 -0.0183066 0
0.0395782 0.0324483 0
0.0776997 0.0418857 0
0.194101 -0.193985 0
0.0343438 0.128073 0
0.040707 0.0934666 0
0.0956565 0.122214 0
0.0479041 0.0573027 0
0.0733656 0.0250203 0
0.0574994 0.0739321 0
0.0543149 0.0277121 0
0.1641 0.000653359 0
0.039875 0.0575 0
0.11364 0.0650695 0
0.0745254 0.0605069 0
0.0865067 0.00049829 0
0.341776 0.0101012 0
0.393301 -0.168739 0
0.279427 0.11866 0
0.0361072 0.0120799 0
0.0503766 0.113848 0
0.043768 0.100762 0
0.1933 0.0485747 0
0.0556187 -0.137989 0
0.0500107 0.0299506 0
0.121526 -0.0599197 0
0.00748693 0.12763 0
0.00672653 0.121038 0
0.0585902 0.0177742 0
0.413622 0.162697 0
0.0614989 0.000253905 0
0.0607678 0.0927516 0
0.0489887 -0.00816891 0
0.035069 0.00466667 0
0.0356901 0.11954 0
0.100678 0.043666 0
0.014085 0.129613 0
0.282401 -0.0958725 0
0.0348009 -0.02813 0
0.0561745 0.0490122 0
0.0679386 0.0831642 0
0.103258 0.0272791 0
0.048745 0.0825011 0
0.0144216 -0.0247091 0
0.083129 0.0202924 0
0.0191082 -0.0555079 0
0.0840238 0.0862089 0
0.0618505 -0.0278443 0
0.189041 0.146733 0
0.0191586 0.00245034 0
0.417117 -0.0139849 0
0.315366 0.0765564 0
0.0578587 0.0113875 0
0.0587919 0.00571037 0
0.226685 -0.139359 0
0.167736 0.105756 0
0.0686418 0.0419894 0
0.0660112 0.0165968 0
0.0872852 0.0712006 0
0.0560189 0.0669121 0
0.189587 -0.0235596 0
0.0372968 0.0880228 0
0.0503549 0.0356658 0
0.054497 0.168929 0
0.0712649 -0.0511325 0
0.102084 -0.120819 0
0.0283293 0.179806 0
0.0522336 0.0616272 0
0.042875 0.0350836 0
0.055444 0.0222793 0
0.0696227 -0.235341 0
0.0547258 0.0394208 0
0.0537938 -0.00494219 0
0.165243 0.0600722 0
0.037143 0.000463363 0
0.060368 0.0306094 0
0.358267 0.221344 0
0.0442777 0.120471 0
0.034132 0.00848457 0
0.280181 0.228885 0
0.232556 0.0559188 0
0.0738835 0.0344951 0
0.00529725 0.116159 0
0.102316 -0.00657043 0
0.124404 0.101131 0
0.0199107 -0.0122372 0
0.0162327 -0.00600964 0
0.0401055 0.0795202 0
0.0205 0.127882 0
0.0265 0.12781 0
0.063668 0.104091 0
0.076599 0.112262 0
0.121803 0.17274 0
0.233495 -0.0330289 0
0.0377393 -0.0185038 0
0.0381119 0.141063 0
0.130616 -0.221898 0
0.0431155 0.0302281 0
0.0755014 0.0511023 0
0.0895155 0.100918 0
0.141377 -0.00554023 0
0.0543795 0.1247 0
0.253341 0.00543363 0
0.027001 0.000239665 0
0.145013 -0.158621 0
0.0630032 0.0576486 0
0.0443991 0.0886003 0
0.00604301 -0.00682393 0
0.350317 -0.225002 0
0.173348 -0.0654027 0
0.0885838 0.0456409 0
0.0518259 0.0529679 0
0.427448 -0.0966455 0
0.135512 0.0541199 0
0.0456861 -0.180724 0
0.0518096 0.077741 0
0.0462627 0.0362361 0
0.357252 0.125448 0
0.0408424 -0.00366903 0
0.0383858 0.245182 0
0.0597648 0.0369356 0
0.250911 -0.230527 0
0.34214 -0.132519 0
0.232801 0.132769 0
0.178052 0.0310922 0
0.0728585 0.134412 0
0.015779 0.150302 0
0.0992691 -0.0506392 0
0.0280908 -0.007103 0
0.0656148 0.0278652 0
0.0242873 -0.0241593 0
0.0380173 0.098749 0
0.0679506 -0.0137154 0
0.0807593 -0.00937382 0
0.0633805 -0.10248 0
0.0713547 0.00573181 0
0.117733 0.00770158 0
0.0467782 0.106872 0
0.0459701 -0.00421022 0
0.0437929 0.0600617 0
0.0436578 0.0550921 0
0.0888225 0.23687 0
0.0462544 0.0291689 0
0.0548928 -0.0680143 0
0.0303294 -0.11264 0
0.065506 0.0720896 0
0.262632 0.17245 0
0.430155 -0.232512 0
0.435294 0.226294 0
0.0436621 -0.0143309 0
0.13629 0.0332941 0
0.293256 0.00924505 0
0.0847469 0.186519 0
0.0354548 0.0926788 0
0.100093 0.0677619 0
0.0303217 0.00286984 0
0.0561552 0.0976175 0
0.164848 0.184186 0
0.0163725 0.0348618 0
0.0113928 -0.0349871 0
0.0579257 0.0615278 0
0.0346014 0.121988 0
0.111715 -0.0931266 0
0.0453798 0.0806335 0
0.0528798 0.0869702 0
0.0548649 0.0448756 0
0.0437131 0.134406 0
0.0360597 0.0570687 0
0.444238 0.106484 0
0.0814078 0.0285513 0
0.0961256 0.0229309 0
0.00814402 -0.0186643 0
0.0396911 0.0357523 0
0.193271 -0.117022 0
0.0547827 -0.0357236 0
0.184399 0.245077 0
0.0836542 0.0120254 0
0.150659 0.0169814 0
0.443219 0.0448633 0
0.103832 0.0525431 0
0.0113636 -0.00465786 0
0.0697052 0.0658273 0
0.119404 0.0854426 0
0.0174042 0.0082148 0
0.0636834 0.0789562 0
0.118205 0.0258674 0
0.0373253 0.0832533 0
0.0202477 -0.0783046 0
0.252127 -0.0725765 0
0.0634538 -0.00778445 0
0.0338973 -0.0114351 0
0.014512 -0.0174833 0
0.0368613 -0.061495 0
0.0817257 0.0575323 0
0.0327455 -0.0408967 0
0.0224292 0.144345 0
0.0455428 0.0955022 0
0.0574803 0.000992568 0
0.330371 -0.0393047 0
0.245449 0.0933553 0
0.0338484 0.0123062 0
0.10927 0.105525 0
0.0370102 -0.00493064 0
0.0622775 0.0141831 0
0.00808856 0.135879 0
0.0360907 0.0343151 0
0.0397531 0.0290774 0
0.0371121 0.00909843 0
0.0979361 -0.0229514 0
0.115811 -0.0418887 0
0.0525183 0.0260102 0
0.0375389 0.060638 0
0.0375798 0.0548118 0
0.0165727 0.0386814 0
0.0266258 0.208022 0
0.105955 0.151242 0
0.14648 -0.0641013 0
0.0598742 0.0538784 0
0.0619381 0.046892 0
0.22039 0.0326524 0
0.0537997 0.0721154 0
0.109918 0.0177724 0
0.036106 0.0306597 0
0.0689432 0.0567308 0
0.0804485 0.0682264 0
0.0167761 0.0306329 0
0.0657714 0.0216431 0
0.0059497 -0.0119264 0
0.179759 -0.257001 0
0.0166966 0.0251712 0
0.0171271 -0.0016572 0
0.00806239 0.117977 0
0.0496929 0.0997593 0
0.393023 0.0210575 0
0.0171009 0.0193374 0
0.0296996 0.125615 0
0.0268029 -0.136614 0
0.285874 0.0786022 0
0.0818551 0.0361622 0
0.0171251 0.0129598 0
0.0462482 0.126054 0
0.0194523 0.171129 0
0.18797 0.00897117 0
0.0329453 0.125488 0
0.0557991 0.0928795 0
0.0634387 0.00450327 0
0.00966102 0.124204 0
0.0645823 0.040019 0
0.0470857 0.0539137 0
0.0469724 0.0611422 0
0.37095 -0.0318805 0
0.317229 0.115605 0
0.00425654 0.125347 0
0.0515597 0.0575808 0
0.0777052 0.0817367 0
0.313882 0.0470471 0
0.191329 0.071201 0
0.0778416 -0.000874617 0
0.0529807 0.0307198 0
0.0232921 0.00228337 0
0.0449532 -0.031269 0
0.0549903 0.0137986 0
0.0627974 0.0870802 0
0.0347117 0.0147986 0
0.0561537 0.00823876 0
0.229047 0.23307 0
0.0491616 0.0328982 0
0.023017 -0.0965037 0
0.0481798 0.156222 0
0.0551335 0.0189597 0
0.0987215 0.0356242 0
0.0767929 0.0198328 0
0.0579239 -0.0211478 0
0.160476 0.085655 0
0.0500348 -0.00425314 0
0.301769 -0.0625648 0
0.0507279 -0.0144163 0
0.00345459 0.113092 0
0.0904772 0.0152376 0
0.0378596 0.00321078 0
0.00943893 0.143901 0
0.0714391 0.0197427 0
0.0684278 0.012167 0
0.0446389 0.113594 0
0.0122411 -0.0483184 0
0.184877 -0.157922 0
0.04232 0.0782738 0
0.363073 0.171565 0
0.245605 -0.105567 0
0.113608 0.0543879 0
0.00345229 0.119346 0
0.0903292 -0.00694895 0
0.298359 -0.241609 0
0.0592896 0.02709 0
0.0743102 0.0889998 0
0.121803 0.258525 0
0.445497 -0.180858 0
0.0785987 -0.0374745 0
0.0397457 0.119525 0
0.106742 0.0373803 0
0.0303307 -0.0237769 0
0.060346 0.0693891 0
0.0816675 0.0476068 0
0.069537 0.0305016 0
0.0708428 0.0475833 0
0.035756 0.0962479 0
0.0160056 0.00523257 0
0.163811 0.133516 0
0.14608 0.157981 0
0.0819627 0.0945295 0
0.0624459 0.0192221 0
0.0410287 0.103634 0
0.318803 0.25574 0
0.0435103 0.0325641 0
0.131898 -0.0292603 0
0.0508373 0.0390562 0
0.205257 -0.050632 0
0.2327 -0.191909 0
0.403152 -0.0578629 0
0.354866 0.045376 0
0.0213752 -0.0182647 0
0.0100559 0.120651 0
0.0057271 -0.0286442 0
0.0323156 0.00603289 0
0.0453169 0.0846601 0
0.0411806 0.0876272 0
0.131163 -0.131727 0
0.0798937 0.0750981 0
0.0697577 0.0367698 0
0.0413384 0.0608794 0
0.0413223 0.0541389 0
0.247428 0.0313855 0
0.0662535 0.0621383 0
0.193063 0.117703 0
0.0527871 0.0480792 0
0.0587138 -0.00327205 0
0.381761 -0.108144 0
0.0238143 -0.00889879 0
0.00455166 -0.0028727 0
0.0491686 0.0276825 0
0.345449 -0.174241 0
0.0169066 0.125829 0
0.0441838 -0.00838965 0
0.0567815 0.0298952 0
0.11751 0.119465 0
0.144072 0.0957443 0
0.0624674 0.150409 0
0.0959177 0.00181304 0
0.149322 0.052742 0
0.0559806 0.0787879 0
0.0571782 0.110772 0
0.0336828 0.0011243 0
0.448716 -0.0544066 0
0.0235 0.125486 0
0.0354751 0.164434 0
0.0480861 0.0787443 0
0.0525283 0.0652634 0
0.0415869 -0.0246598 0
0.128241 0.000393186 0
0.108413 0.0760627 0
0.0375591 0.0145235 0
0.169068 -0.0185183 0
0.0857149 0.063033 0
0.0326798 -0.00605269 0
0.0640003 0.0436173 0
0.0586588 0.0210746 0
0.267125 -0.135483 0
0.0680155 0.075743 0
0.0520098 0.0335641 0
0.454623 0.18394 0
0.199018 0.0287817 0
0.163639 0.0421519 0
0.039838 -0.000898156 0
0.210248 0.0657912 0
0.102059 -0.0681631 0
0.0533674 0.0363942 0
0.173968 -0.0401013 0
0.0360817 -0.21422 0
0.0202741 0.134104 0
0.218667 0.162447 0
0.040155 0.0776683 0
0.258498 0.0686757 0
0.0573757 -0.0470925 0
0.0287922 -0.0034052 0
0.008125 -0.00317184 0
0.0375804 0.00607804 0
0.0179775 0.0221341 0
0.0875642 -0.100262 0
0.0951962 0.0506203 0
0.0176502 0.0160103 0
0.292423 0.14884 0
0.318434 0.211116 0
0.056222 0.00416068 0
0.0526275 0.0425684 0
0.319055 -0.0982318 0
0.128775 0.064955 0
0.0875422 0.0387763 0
0.133134 -0.0805934 0
0.0765814 0.00783269 0
0.164277 -0.130517 0
0.1295 0.0436097 0
0.0490533 0.0876832 0
0.0232306 -0.0458771 0
0.395781 0.109243 0
0.08254 -0.143103 0
0.0958295 0.075752 0
0.0555575 0.0529191 0
0.0420931 0.0970576 0
0.10109 -0.250591 0
0.058507 0.0334067 0
0.0478092 0.0309443 0
0.0675429 0.0911017 0
0.383257 -0.257088 0
0.0755231 -0.197014 0
0.0158712 0.00161354 0
0.0385557 0.0116737 0
0.0376493 0.0795795 0
0.172972 -0.0958979 0
0.0341192 0.089403 0
0.0388056 -0.0131927 0
0.0329627 0.0105069 0
0.0548292 0.0109433 0
0.0233696 -0.166945 0
0.0213668 0.00508009 0
0.213135 -0.0187888 0
0.0517827 -0.00178773 0
0.0543936 -0.0830749 0
0.0581301 0.0460504 0
0.0529908 0.0686002 0
0.0270333 0.124388 0
0.0130578 0.125637 0
0.0344543 0.133781 0
0.0211325 -0.000738192 0
0.114785 -0.187221 0
0.0144257 0.190467 0
0.0708504 0.266086 0
0.457851 -0.124698 0
0.0515573 0.0281063 0
0.0351518 0.0853487 0
0.0713345 0.121198 0
0.0989714 0.168477 0
0.00354957 0.128842 0
0.0573036 0.0880074 0
0.0863319 0.051846 0
0.0103379 0.131433 0
0.159564 0.0271032 0
0.0421677 -0.00118885 0
0.0364096 0.124724 0
0.0392648 0.128373 0
0.0153492 0.0408828 0
0.0421017 -0.0990211 0
0.0117318 -0.0671323 0
0.101813 0.0195571 0
0.108711 0.0459539 0
0.091122 0.136492 0
0.227532 -0.26232 0
0.0495653 0.0632015 0
0.0564019 0.0703103 0
0.0418008 0.0367031 0
0.0340802 0.119689 0
0.0348176 0.118223 0
0.0086549 0.159258 0
0.0289671 0.140337 0
0.409399 0.253472 0
0.148992 0.11544 0
0.00754711 0.114607 0
0.0155477 0.0281645 0
0.0527649 0.0815393 0
0.0203809 -0.00733695 0
0.233077 -0.00683093 0
0.305501 -0.133969 0
0.0898439 0.00783778 0
0.0395466 0.00128157 0
0.0527346 0.0234022 0
0.0305665 0.129406 0
0.391375 -0.209899 0
0.0328459 -0.244702 0
0.0382381 0.102057 0
0.139518 0.00809993 0
0.0205 0.124711 0
0.25258 0.203221 0
0.106479 0.00429701 0
0.0440844 0.028292 0
0.0373851 0.121211 0
0.458401 0.0084838 0
0.0284831 -0.0312453 0
0.0449439 0.0308006 0
0.0617833 0.0339754 0
0.354471 0.0913216 0
0.155914 -0.192171 0
0.0440708 0.0367693 0
0.0383788 0.091088 0
0.0744158 0.170944 0
0.04982 0.0552246 0
0.0758785 -0.0173911 0
0.0374441 0.118289 0
0.0449791 0.0344792 0
0.0348325 0.0104952 0
0.0663006 0.0979967 0
0.0497347 0.0599652 0
0.0566636 0.0364094 0
0.0939549 0.0413076 0
0.0858531 -0.060197 0
0.0267864 0.00371347 0
0.138061 0.021062 0
0.0156898 -0.0105641 0
0.0618828 0.132859 0
0.048105 0.0373249 0
0.0439043 0.0923684 0
0.465614 0.0757834 0
0.0411921 0.0334424 0
0.400998 0.20329 0
0.0590634 0.0582814 0
0.00299505 0.122296 0
0.0878799 -0.0163515 0
0.0603071 0.00881709 0
0.0576273 0.102942 0
0.0802155 0.103799 0
0.0927704 0.065757 0
0.0941908 -0.035617 0
0.049913 0.119857 0
0.0560367 0.117733 0
0.109503 0.196171 0
0.137492 -0.0464546 0
0.03508 0.0550537 0
0.0352115 0.0596255 0
0.192741 0.175663 0
0.0920089 0.0914759 0
0.225901 0.0810354 0
0.0031493 -0.008943 0
0.073153 0.0394056 0
0.0436925 -0.156594 0
0.0730285 -0.120299 0
0.00789491 -0.0560343 0
0.0187252 -0.0292954 0
0.0580805 0.0396364 0
0.0693185 -0.0686924 0
0.0327412 0.0139459 0
0.161924 0.217874 0
0.115213 -0.00599067 0
0.0860473 0.026096 0
0.0419344 0.0575193 0
0.233221 0.0137858 0
0.111243 -0.151741 0
0.0624634 0.0274892 0
0.0140555 -0.00317143 0
0.0357691 -0.00793661 0
0.312629 -0.205596 0
0.047143 0.10282 0
0.183366 0.0925572 0
0.0712283 0.0524465 0
0.0614015 0.0614461 0
0.050628 0.0505042 0
0.0549088 0.0249713 0
0.00247565 0.116756 0
0.0435483 0.108056 0
0.0711338 0.104239 0
0.0301614 -0.000124857 0
0.0636769 0.030875 0
0.0474887 0.0346087 0
0.260169 0.137858 0
0.0144171 -0.116731 0
0.274201 0.0187106 0
0.0871982 0.111805 0
0.153257 0.0682545 0
0.0351052 0.0324615 0
0.0789179 0.0148639 0
0.0416875 0.0281752 0
0.0330253 -0.0515447 0
0.0507481 0.109238 0
0.0756475 0.0292785 0
0.0664301 -0.0377477 0
0.0538757 0.0163344 0
0.057975 0.0239891 0
0.276178 -0.00660443 0
0.0796334 0.062653 0
0.0532552 0.0208103 0
0.155162 -0.0826185 0
0.0180041 0.0282375 0
0.254618 -0.0196416 0
0.0548991 -0.00105654 0
0.124903 0.0531689 0
0.00407839 0.139168 0
0.458017 0.140179 0
0.0297974 0.273427 0
0.0495993 0.0757421 0
0.0726143 -0.00884248 0
0.0866824 0.0788193 0
0.0675658 0.00703979 0
0.0675648 0.00193576 0
0.0622223 0.0747718 0
0.021634 0.159095 0
0.0423703 0.116735 0
0.055145 0.0633738 0
0.0410756 0.030967 0
0.0663856 -0.164302 0
0.0378633 0.036504 0
0.0832515 0.0422005 0
0.208967 -0.226192 0
0.289822 0.190011 0
0.232417 -0.0559592 0
0.054937 0.0598521 0
0.461181 0.2591 0
0.0542738 -0.027407 0
0.0448665 0.057544 0
0.00372031 0.133553 0
0.0105374 -0.0845801 0
0.0359979 0.100603 0
0.0620687 0.22768 0
0.310744 -0.0146882 0
0.422431 0.0761017 0
0.0325316 -0.0165503 0
0.111007 0.0921307 0
0.0586772 0.0144962 0
0.459809 -0.259809 0
0.139953 0.0441812 0
0.0152466 0.0365938 0
0.0255466 -0.00269579 0
0.0450177 0.18206 0
0.0152142 0.0152312 0
0.0613758 -0.0146866 0
0.0642482 0.0540344 0
0.264674 0.264195 0
0.0275477 -0.066479 0
0.0755311 0.0462609 0
0.00973362 -0.00780701 0
0.0181791 0.0360448 0
0.119975 0.0178206 0
0.03886 0.0854822 0
0.0753486 0.0550824 0
0.223451 0.110058 0
0.153925 -0.0119743 0
0.27286 -0.201295 0
0.0354845 0.00686745 0
0.0229358 -0.191963 0
0.0523378 0.0956743 0
0.0156955 -0.0410458 0
0.0590055 0.0649427 0
0.0384809 0.0953252 0
0.217938 -0.105417 0
0.0741295 0.0660769 0
0.130041 -0.0133532 0
0.0686224 0.0253625 0
0.0774688 0.0246002 0
0.337869 -0.262449 0
0.0430978 0.0622237 0
0.0430675 0.0528107 0
0.151176 0.244321 0
0.037565 0.0286525 0
0.00588462 0.11863 0
0.00450739 -0.0215001 0
0.266032 -0.266491 0
0.018992 0.0059476 0
0.042797 -0.0194073 0
0.0657576 0.067658 0
0.177455 0.0546015 0
0.0531276 -0.00919223 0
0.410786 -0.132314 0
0.0473909 0.0279456 0
0.0609296 0.098605 0
0.041714 0.0906301 0
0.0572108 -0.00734637 0
0.126427 -0.10884 0
0.123164 0.0337568 0
0.00596173 0.113054 0
0.0323252 0.123199 0
0.0983273 -0.218413 0
0.015555 0.0219558 0
0.067138 0.111617 0
0.0701076 0.0157445 0
0.19665 -0.00691575 0
0.0663389 0.0470075 0
0.0231773 0.130626 0
0.466803 -0.08515 0
0.0470345 0.0914735 0
0.178897 -0.00425821 0
0.0472408 -0.0573831 0
0.0186643 -0.0227823 0
0.0680665 -0.269129 0
0.004343 -0.0163886 0
0.0933389 0.0286958 0
0.138377 -0.258483 0
0.0458349 0.0378941 0
0.268478 0.0947474 0
0.0155601 0.0105647 0
0.0395346 0.00466667 0
0.0829495 0.123475 0
0.363008 0.264281 0
0.0295654 0.00538811 0
0.0597374 0.00270288 0
0.139804 0.192007 0
0.0211698 0.228883 0
0.332754 0.142899 0
0.0162814 0.142671 0
0.0535673 0.0506962 0
0.171304 0.159616 0
0.00678026 0.123947 0
0.0541374 0.0755037 0
0.0769627 0.0368902 0
0.0562812 0.0421727 0
0.00724635 0.151036 0
0.294277 0.0980619 0
0.0180014 0.032997 0
0.0378397 -0.0349802 0
0.46743 -0.223908 0
0.0320815 0.00888769 0
0.0243012 -0.0135053 0
0.331302 -0.0690476 0
0.209898 0.135037 0
0.00908737 -0.0147342 0
0.0718195 -0.0883692 0
0.151382 0.00394362 0
0.0632344 0.124673 0
0.131128 0.0868734 0
0.0858353 -0.047012 0
0.0353998 -0.00197921 0
0.167874 0.014471 0
0.00727792 -0.0416718 0
0.0605475 0.0825781 0
0.0531225 0.0552196 0
0.0379094 0.0579521 0
0.0981304 0.0593844 0
0.12465 0.149477 0
0.0595788 0.0502161 0
0.0193753 -0.0041216 0
0.0336511 0.0950192 0
0.064335 -0.00257712 0
0.0549641 0.00170476 0
0.423083 -0.269753 0
0.0726024 0.00140192 0
0.196874 -0.0837955 0
0.00945959 0.116056 0
0.0439578 0.104968 0
0.0406974 0.100519 0
0.0485436 -0.118174 0
0.0719806 0.00971769 0
0.251494 0.0503638 0
0.374226 -0.142244 0
0.0392421 0.151181 0
0.0461804 0.145111 0
0.0295 0.12342 0
0.25428 -0.0446311 0
0.0439038 -0.00247795 0
0.0772391 0.207039 0
0.0152241 0.0327297 0
0.0390414 0.0342845 0
0.0696313 0.070267 0
0.00663665 0.131467 0
0.071954 -0.0277849 0
0.127254 0.0241212 0
0.061104 0.0397458 0
0.0375025 0.0324961 0
0.0649087 0.0125606 0
0.0661555 -0.0204284 0
0.0483074 0.0292315 0
0.384793 0.143871 0
0.0361404 0.194171 0
0.0663207 0.0373261 0
0.0181907 0.0105722 0
0.110972 0.0299269 0
0.050574 0.0265957 0
0.471829 0.224581 0
0.0972309 -0.0135224 0
0.250543 -0.165378 0
0.0331755 0.00361605 0
0.14328 -0.0197843 0
0.0489939 -0.00199109 0
0.0422077 0.0812856 0
0.0645409 0.0249907 0
0.0388834 0.0780273 0
0.215879 0.269142 0
0.0105568 0.118219 0
0.0181032 0.130762 0
0.0338709 0.118624 0
0.0130657 -0.00730867 0
0.0239862 -0.000703873 0
0.0472981 0.116579 0
0.290601 0.0558952 0
0.250743 0.116103 0
0.0454332 0.0779038 0
0.12009 0.0734296 0
0.0265954 -0.0191818 0
0.00487957 -0.0353441 0
0.350651 -0.098083 0
0.011375 -0.00203224 0
0.00783788 0.173016 0
0.0510547 0.0249918 0
0.0258512 -0.275631 0
0.080115 0.052634 0
0.034023 0.0573926 0
0.0524873 0.0454534 0
0.0516073 0.131356 0
0.0425774 -0.0704105 0
0.242263 0.1566 0
0.0611009 0.0116917 0
0.0977639 0.108178 0
0.106286 0.0625349 0
0.0608318 -0.058633 0
0.0396305 0.0821868 0
0.0386241 0.0307502 0
0.423251 0.0221279 0
0.106743 0.133098 0
0.0514539 0.0843667 0
0.0145879 0.123893 0
0.0515477 0.0739574 0
0.0649557 0.186021 0
0.0250163 -0.00584629 0
0.09037 0.0217034 0
0.0999955 0.0973672 0
0.0451075 0.0528227 0
0.0450584 0.0622753 0
0.097731 -0.0841726 0
0.171854 0.0720569 0
0.339119 0.19309 0
0.107183 -0.0158604 0
0.0461701 0.0985876 0
0.0297379 -0.011246 0
0.0420493 -0.0109865 0
0.0924025 0.0836566 0
0.105535 0.115976 0
0.0323105 0.0122018 0
0.0118108 -0.0287343 0
0.0151931 0.0174158 0
0.238776 0.179643 0
0.0631715 0.0370139 0
0.0528687 0.0905849 0
0.147089 0.0266151 0
0.0108997 0.128006 0
0.168799 -0.22141 0
0.115659 -0.0759616 0
0.474743 -0.0257093 0
0.0430802 -0.00556657 0
0.0465037 -0.0116472 0
0.0389833 0.0620568 0
0.0389874 0.0530212 0
0.0509853 0.0317844 0
0.0357465 -0.0230466 0
0.157941 -0.0488176 0
0.216807 -0.169321 0
0.193296 0.211787 0
0.404495 0.0502199 0
0.0599866 0.0778052 0
0.0469358 -0.017261 0
0.0838592 -0.00417477 0
0.0962482 0.0171264 0
0.0562534 0.0162726 0
0.0215781 0.138525 0
0.0486049 0.0955857 0
0.0357824 0.00263177 0
0.040121 0.0373919 0
0.0629199 0.0506645 0
0.0492719 0.0525613 0
0.0731737 0.043425 0
0.370496 0.00234745 0
0.318507 0.0213173 0
0.0781518 0.0326518 0
0.16839 0.271417 0
0.0920146 0.0355974 0
0.0552619 -0.0166852 0
0.210321 0.0478878 0
0.141217 0.0631188 0
0.0707114 0.062256 0
0.0149186 0.00817055 0
0.0391908 0.00753692 0
0.132932 0.113908 0
0.120203 0.0622022 0
0.0729653 0.078057 0
0.035863 0.118263 0
0.0360677 0.0162082 0
0.0145686 0.0347734 0
0.293427 0.0325333 0
0.0343049 0.0983951 0
0.00204243 0.111378 0
0.0377656 -0.00209019 0
0.0429054 0.0378681 0
0.0330358 0.0869483 0
0.274914 -0.0603514 0
0.0110262 0.213127 0
0.050343 0.0800916 0
0.0826233 0.00550908 0
0.41929 0.132495 0
0.00233448 -0.00530753 0
0.0330119 0.092609 0
0.0566539 0.0267316 0
0.00177158 -0.00195538 0
0.0335092 0.121039 0
0.0395926 0.0594669 0
0.0395926 0.0555331 0
0.00958869 -0.0233454 0
0.0534991 0.100544 0
0.045728 0.0555915 0
0.111433 -0.0278209 0
0.0431329 0.0862219 0
0.0459687 0.109966 0
0.0411009 0.0350475 0
0.045825 0.0275647 0
0.00858339 -0.0997192 0
0.041071 0.217317 0
0.061104 0.0167446 0
0.0356503 0.0817885 0
0.110196 0.224196 0
0.345245 -0.0165846 0
0.0155799 0.0977023 0
0.0239139 0.109029 0
0.0316095 0.110385 0
0.0249628 0.0708644 0
0.0193376 0.0867038 0
0.0234232 0.0505714 0
0.0348983 0.0705498 0
0.0277064 0.11617 0
0.022595 0.0617511 0
0.0296866 0.0451094 0
0.0154355 0.106466 0
0.0354323 0.112624 0
0.00807153 0.0940843 0
0.0197725 0.0782715 0
0.00821951 0.102479 0
0.0235902 0.10086 0
0.0407782 0.0699522 0
0.028438 0.023234 0
0.0428838 0.0449699 0
0.0190289 0.114062 0
0.0274145 0.0381142 0
0.036651 0.0441098 0
0.0259733 0.0118659 0
0.0234989 0.0930099 0
0.0133779 0.0887619 0
0.0295956 0.0670126 0
0.0301387 0.119246 0
0.0277947 0.0778121 0
0.0204588 0.0565134 0
0.0266452 0.0315967 0
0.0448119 0.0198403 0
0.0237526 0.044271 0
0.0281977 0.104962 0
0.0197218 0.0678869 0
0.0267371 0.056191 0
0.0470236 0.00688293 0
0.0255412 0.0179752 0
0.0256647 0.0840978 0
0.0333987 0.0746146 0
0.0467989 0.0122223 0
0.0294306 0.0499497 0
0.016961 0.0821817 0
0.0180937 0.0918583 0
0.0182674 0.0475911 0
0.0378063 0.0724855 0
0.0185141 0.073311 0
0.0204183 0.104875 0
0.00541769 0.0985034 0
0.0313873 0.114265 0
0.0279223 0.0618787 0
0.00997461 0.107138 0
0.0334431 0.0228801 0
0.0146243 0.111857 0
0.0302377 0.0712488 0
0.0231373 0.117338 0
0.0447342 0.0700267 0
0.0297146 0.0277052 0
0.0407418 0.0216808 0
0.0251755 0.066082 0
0.0106953 0.0981398 0
0.0255945 0.0884102 0
0.037556 0.0679287 0
0.0130224 0.102428 0
0.0316743 0.040431 0
0.0336111 0.0476705 0
0.0192738 0.10972 0
0.0177883 0.0609583 0
0.0205057 0.09703 0
0.0467785 0.0229053 0
0.0251521 0.0265594 0
0.00455263 0.0915138 0
0.0334597 0.115281 0
0.00890052 0.0889479 0
0.0128626 0.0935172 0
0.0273266 0.111736 0
0.0414018 0.0730136 0
0.0310386 0.117785 0
0.0403846 0.0425061 0
0.0447681 0.00376815 0
0.0279997 0.0148143 0
0.0266915 0.0967179 0
0.00452559 0.104981 0
0.0396124 0.0472161 0
0.0323535 0.106166 0
0.033891 0.0667309 0
0.0489076 0.00419744 0
0.02445 0.0352534 0
0.0476104 0.0167751 0
0.0167467 0.0779278 0
0.0433273 0.0674898 0
0.02462 0.0212766 0
0.0287784 0.100619 0
0.0134695 0.0845973 0
0.0212199 0.0824126 0
0.0240827 0.0752732 0
0.0237759 0.0399023 0
0.0161565 0.117251 0
0.0282941 0.0119087 0
0.0176543 0.101894 0
0.0235769 0.113212 0
0.0170057 0.0524126 0
0.0299231 0.0193941 0
0.0272629 0.0465378 0
0.0354353 0.108787 0
0.0294244 0.0350488 0
0.03525 0.115226 0
0.0286992 0.0538645 0
0.0373599 0.0227883 0
0.0272917 0.0416714 0
0.0243638 0.105261 0
0.0204458 0.0450255 0
0.0372002 0.0747795 0
0.0436747 0.0420445 0
0.0466302 0.0446413 0
0.0172981 0.0643762 0
0.0284958 0.107699 0
0.0291973 0.0816397 0
0.0376173 0.0414877 0
0.0250433 0.0792458 0
0.0239454 0.0151536 0
0.0429645 0.0154481 0
0.0342744 0.0421585 0
0.0496875 0.0104337 0
0.0212192 0.091037 0
0.0221578 0.0535142 0
0.00322322 0.101355 0
0.0317327 0.0783929 0
0.0226019 0.0586091 0
0.00291787 0.0943245 0
0.0169864 0.088762 0
0.0216125 0.0712164 0
0.042188 0.0484543 0
0.011301 0.110649 0
0.0404453 0.0671079 0
0.0272019 0.00941192 0
0.0281715 0.0747404 0
0.0287475 0.0589463 0
0.0445861 0.0228444 0
0.0281413 0.0928233 0
0.0275592 0.11936 0
0.0354747 0.0729152 0
0.037596 0.110239 0
0.0167426 0.0701403 0
0.0446319 0.00961651 0
0.020108 0.118767 0
0.0438208 0.0729818 0
0.0368426 0.048591 0
0.0207136 0.0514718 0
0.0146015 0.115102 0
0.047865 0.0196367 0
0.0239308 0.0297047 0
0.0233488 0.0473761 0
0.0323961 0.0262945 0
0.0165352 0.0852229 0
0.0311041 0.103047 0
0.0322584 0.0690265 0
0.0305528 0.0637778 0
0.010965 0.0864925 0
0.0397161 0.0741149 0
0.0352804 0.0762225 0
0.0420603 0.0186249 0
0.0458633 0.0474116 0
0.029718 0.0305359 0
0.00677133 0.107327 0
0.038339 0.0701406 0
0.0253726 0.0594959 0
0.0204454 0.100475 0
0.0239894 0.0863565 0
0.0163669 0.0553437 0
0.0326755 0.0503441 0
0.0256641 0.0529899 0
0.0281981 0.0861058 0
0.0205845 0.064544 0
0.0218598 0.0420456 0
0.0315097 0.0369189 0
0.0239653 0.00963113 0
0.0328484 0.0723081 0
0.0278785 0.0694412 0
0.0462236 0.0675963 0
0.0499792 0.00727013 0
0.0159207 0.0749649 0
0.0228499 0.019253 0
0.0318 0.1195 0
0.026111 0.102434 0
0.0113241 0.0907751 0
0.0439877 0.00654839 0
0.0393751 0.0446126 0
0.0299611 0.112242 0
0.0213431 0.0749639 0
0.0356477 0.0202643 0
0.0236594 0.096198 0
0.0147239 0.07981 0
0.049488 0.0130892 0
0.0204375 0.112354 0
0.0331883 0.0450707 0
0.0157395 0.0462421 0
0.0310715 0.047611 0
0.0233286 0.0126966 0
0.012775 0.105441 0
0.00805716 0.0995693 0
0.0275446 0.0648147 0
0.0206367 0.0939895 0
0.0181392 0.0955629 0
0.0292559 0.117737 0
0.0328172 0.112438 0
0.0269911 0.0287528 0
0.0149255 0.0912521 0
0.0274399 0.0205844 0
0.0263372 0.0491434 0
0.03069 0.0765091 0
0.0184181 0.10709 0
0.0213378 0.10767 0
0.00577451 0.0885772 0
0.0341104 0.0393112 0
0.0131085 0.0963889 0
0.0234566 0.0326735 0
0.0383821 0.0204165 0
0.0430515 0.070803 0
0.0194019 0.0811771 0
0.0177296 0.111919 0
0.04232 0.0746732 0
0.00795671 0.096789 0
0.0380323 0.113198 0
0.0157196 0.0495999 0
0.032671 0.0200627 0
0.0132251 0.108395 0
0.0301459 0.115893 0
0.0339277 0.116411 0
0.0437313 0.0124703 0
0.0322892 0.116454 0
0.0164511 0.109241 0
0.0227192 0.0681939 0
0.0191965 0.0837699 0
0.0231339 0.0246142 0
0.0471775 0.00265427 0
0.0249562 0.115477 0
0.0130212 0.0994457 0
0.0289 0.0172152 0
0.0349989 0.106241 0
0.0248136 0.119284 0
0.0228442 0.0373218 0
0.0105053 0.101092 0
0.0253045 0.0630694 0
0.039931 0.0718612 0
0.0156234 0.058807 0
0.0362023 0.0657629 0
0.0464796 0.0721466 0
0.00253231 0.097873 0
0.0225854 0.103085 0
0.0153321 0.10371 0
0.0261893 0.107359 0
0.0333486 0.0643294 0
0.0292143 0.0102466 0
0.0277457 0.0258284 0
0.0128053 0.0820461 0
0.015397 0.0618717 0
0.0304523 0.0609534 0
0.0153596 0.0725361 0
0.0214015 0.115442 0
0.0306949 0.0219409 0
0.0312654 0.120682 0
0.0295815 0.120752 0
0.0159099 0.0672504 0
0.0126578 0.113528 0
0.0299283 0.0148898 0
0.0236842 0.0903758 0
0.0106064 0.0953845 0
0.0101831 0.104057 0
0.00846948 0.109358 0
0.00253933 0.0893199 0
0.00786863 0.0914976 0
0.0307808 0.107969 0
0.020761 0.048776 0
0.0201997 0.0596728 0
0.0366598 0.0711081 0
0.0349783 0.0250846 0
0.035422 0.068322 0
0.027199 0.0355653 0
0.0460698 0.0420111 0
0.0462082 0.0244221 0
0.0180283 0.098883 0
0.00246585 0.106741 0
0.031882 0.0288073 0
0.0432877 0.00236114 0
0.0184594 0.0758878 0
0.00787717 0.0867788 0
0.0259479 0.0239104 0
0.0402672 0.0242165 0
0.0292386 0.0977485 0
0.0289934 0.0394543 0
0.0259457 0.0991423 0
0.0317029 0.0429772 0
0.0283908 0.0896208 0
0.0258679 0.014061 0
0.0486344 0.0219435 0
0.00583795 0.0934497 0
0.0296947 0.056185 0
0.0308302 0.0528805 0
0.0177252 0.0448182 0
0.00200196 0.0917174 0
0.00722897 0.104648 0
0.042247 0.0410163 0
0.0476383 0.0699616 0
0.051005 0.00245735 0
0.0267373 0.0440311 0
0.0020665 0.104217 0
0.0372431 0.107643 0
0.0156188 0.0941596 0
0.0224555 0.119632 0
0.0428058 0.00466623 0
0.0232757 0.0647281 0
0.0355745 0.0463862 0
0.0496926 0.0160397 0
0.0149379 0.119655 0
0.0452857 0.00175671 0
0.00609737 0.101704 0
0.0288809 0.114185 0
0.0191475 0.0706884 0
0.0304054 0.0246472 0
0.0180874 0.058259 0
0.0235349 0.0731357 0
0.0451636 0.017486 0
0.0266548 0.0813583 0
0.0178536 0.104378 0
0.0512815 0.00474041 0
0.0309357 0.0333637 0
0.0255185 0.0684743 0
0.0141538 0.117453 0
0.0323818 0.118034 0
0.0249464 0.111252 0
0.0174723 0.119637 0
0.0228173 0.0275228 0
0.039875 0.0493488 0
0.0231995 0.0774642 0
0.0262854 0.0397244 0
0.029118 0.109943 0
0.034775 0.0495897 0
0.014641 0.0866823 0
0.0386978 0.066039 0
0.0394043 0.0685724 0
0.00445921 0.107733 0
0.0479224 0.0462632 0
0.0429583 0.0211678 0
0.0448333 0.0659704 0
0.0279736 0.0722557 0
0.0411939 0.0457973 0
0.0265341 0.109629 0
0.0424304 0.0657911 0
0.0264554 0.113764 0
0.0400601 0.0409758 0
0.0227204 0.0986935 0
0.0376111 0.0461831 0
0.0306679 0.0735785 0
0.0444371 0.0438754 0
0.0253069 0.0374786 0
0.048927 0.00175163 0
0.0481565 0.0240007 0
0.0111419 0.0887443 0
0.0154397 0.100677 0
0.0219777 0.0882205 0
0.0292436 0.0133857 0
0.0457267 0.014845 0
0.0332537 0.077018 0
0.0111686 0.0839942 0
0.0476242 0.00928511 0
0.0282906 0.095264 0
0.0318785 0.0659813 0
0.0280264 0.051789 0
0.0260462 0.0941895 0
0.0196931 0.0622605 0
0.0220738 0.110399 0
0.0222988 0.0349909 0
0.042028 0.043546 0
0.0424026 0.0690809 0
0.0295359 0.0837825 0
0.0329805 0.108543 0
0.0311198 0.0999904 0
0.018488 0.116547 0
0.0332202 0.104009 0
0.0296015 0.0421588 0
0.0301971 0.105948 0
0.022172 0.0803135 0
0.0249505 0.041941 0
0.0219561 0.0848745 0
0.0190973 0.0535203 0
0.0196855 0.102808 0
0.0341319 0.113892 0
0.0466044 0.00476828 0
0.0237851 0.0820504 0
0.0353385 0.0746329 0
0.0223002 0.0221791 0
0.0271425 0.067165 0
0.0289869 0.0369723 0
0.0252229 0.0461425 0
0.0493845 0.0181308 0
0.0464639 0.0211639 0
0.00545568 0.0958373 0
0.0259221 0.0913246 0
0.0444901 0.0489535 0
0.0258163 0.117491 0
0.0258624 0.0861532 0
0.0445983 0.0407751 0
0.0356705 0.0403284 0
0.0300183 0.0692349 0
0.0148502 0.0768599 0
0.0397549 0.0188833 0
0.0256547 0.0763804 0
0.023832 0.0562189 0
0.0415449 0.07146 0
0.0297504 0.0119582 0
0.0285478 0.102766 0
0.0388614 0.0428447 0
0.0256668 0.00788924 0
0.0101467 0.0930517 0
0.0328324 0.113939 0
0.0439093 0.0464772 0
0.0265123 0.0159264 0
0.0313282 0.0806766 0
0.0194901 0.0891632 0
0.0167607 0.114126 0
0.0342581 0.110661 0
0.0225361 0.0168064 0
0.0259996 0.0337066 0
0.0366337 0.0695641 0
0.0273276 0.0132844 0
0.0148057 0.0828713 0
0.0479285 0.0146155 0
0.0185941 0.050562 0
0.0147887 0.0523593 0
0.0377792 0.0249608 0
0.0175212 0.0798736 0
0.0285541 0.0328412 0
0.0321199 0.120399 0
0.0257301 0.073775 0
0.0295663 0.0793981 0
0.0315808 0.0180732 0
0.0427043 0.0240347 0
0.0286893 0.0479122 0
