-1 -1 0
1 -1 0
1 1 0
-1 1 0
-0.1 -0.1 0
0.1 -0.1 0
0.1 0.1 0
-0.1 0.1 0
-2.6576e-13 0.1 0
0.1 2.6576e-13 0
2.6576e-13 -0.1 0
-0.1 -2.6576e-13 0
1 0.9 0
1 0.8 0
1 0.7 0
1 0.6 0
1 0.5 0
1 0.4 0
1 0.3 0
1 0.2 0
1 0.1 0
1 2.75224e-12 0
1 -0.1 0
1 -0.2 0
1 -0.3 0
1 -0.4 0
1 -0.5 0
1 -0.6 0
1 -0.7 0
1 -0.8 0
1 -0.9 0
0.9 -1 0
0.8 -1 0
0.7 -1 0
0.6 -1 0
0.5 -1 0
0.4 -1 0
0.3 -1 0
0.2 -1 0
0.1 -1 0
2.75224e-12 -1 0
-0.1 -1 0
-0.2 -1 0
-0.3 -1 0
-0.4 -1 0
-0.5 -1 0
-0.6 -1 0
-0.7 -1 0
-0.8 -1 0
-0.9 -1 0
-1 -0.9 0
-1 -0.8 0
-1 -0.7 0
-1 -0.6 0
-1 -0.5 0
-1 -0.4 0
-1 -0.3 0
-1 -0.2 0
-1 -0.1 0
-1 -2.75224e-12 0
-1 0.1 0
-1 0.2 0
-1 0.3 0
-1 0.4 0
-1 0.5 0
-1 0.6 0
-1 0.7 0
-1 0.8 0
-1 0.9 0
-0.9 1 0
-0.8 1 0
-0.7 1 0
-0.6 1 0
-0.5 1 0
-0.4 1 0
-0.3 1 0
-0.2 1 0
-0.1 1 0
-2.75224e-12 1 0
0.1 1 0
0.2 1 0
0.3 1 0
0.4 1 0
0.5 1 0
0.6 1 0
0.7 1 0
0.8 1 0
0.9 1 0
0 0 0
0.05 -0.05 0
0.05 0.05 0
-0.05 -0.05 0
-0.05 0.05 0
-0.476387 0.471118 0
0.471118 0.476387 0
-0.471118 -0.476387 0
0.476387 -0.471118 0
0.028768 0.55 0
0.55 -0.028768 0
-0.028768 -0.55 0
-0.55 0.028768 0
0.254003 -0.694954 0
-0.694954 -0.254003 0
-0.254003 0.694954 0
0.694954 0.254003 0
0.705603 -0.688788 0
-0.688788 -0.705603 0
-0.705603 0.688788 0
0.688788 0.705603 0
0.686772 -0.276089 0
-0.276089 -0.686772 0
-0.686772 0.276089 0
0.276089 0.686772 0
0.377875 0.20082 0
-0.20082 0.377875 0
-0.377875 -0.20082 0
0.20082 -0.377875 0
-0.165561 -0.341016 0
0.341016 -0.165561 0
-0.341016 0.165561 0
0.165561 0.341016 0
0.768115 0.470597 0
-0.470597 0.768115 0
0.470597 -0.768115 0
-0.768115 -0.470597 0
-0.0164014 0.775021 0
0.775021 0.0164014 0
0.0164014 -0.775021 0
-0.775021 -0.0164014 0
0.777945 -0.487091 0
-0.487091 -0.777945 0
-0.777945 0.487091 0
0.487091 0.777945 0
-0.504733 0.277368 0
0.277368 0.504733 0
-0.277368 -0.504733 0
0.504733 -0.277368 0
0.294064 0.0464917 0
0.0464917 -0.294064 0
-0.294064 -0.0464917 0
-0.0464917 0.294064 0
0.142359 0.825528 0
0.825528 -0.142359 0
-0.142359 -0.825528 0
-0.825528 0.142359 0
0.81966 0.81966 0
0.81966 -0.81966 0
-0.81966 -0.81966 0
-0.81966 0.81966 0
0.555157 0.149434 0
0.149434 -0.555157 0
-0.555157 -0.149434 0
-0.149434 0.555157 0
-0.309445 0.528715 0
0.528715 0.309445 0
-0.528715 -0.309445 0
0.309445 -0.528715 0
0.541125 0.623338 0
-0.541125 -0.623338 0
0.623338 -0.541125 0
-0.623338 0.541125 0
-0.311741 0.840788 0
0.840788 0.311741 0
0.311741 -0.840788 0
-0.840788 -0.311741 0
0.619241 -0.837612 0
-0.837612 -0.619241 0
0.837612 0.619241 0
-0.619241 0.837612 0
-0.354712 -0.362105 0
0.362105 -0.354712 0
-0.362105 0.354712 0
0.354712 0.362105 0
0.847746 -0.642146 0
-0.642146 -0.847746 0
-0.847746 0.642146 0
0.642146 0.847746 0
0.337775 0.844927 0
0.844927 -0.337775 0
-0.337775 -0.844927 0
-0.844927 0.337775 0
-0.129047 -0.656992 0
-0.656992 0.129047 0
0.656992 -0.129047 0
0.129047 0.656992 0
-0.168226 0.848484 0
0.848484 0.168226 0
0.168226 -0.848484 0
-0.848484 -0.168226 0
0.218847 0.197096 0
-0.218847 -0.197096 0
0.197096 -0.218847 0
-0.197096 0.218847 0
-0.419415 0.627433 0
0.627433 0.419415 0
-0.627433 -0.419415 0
0.419415 -0.627433 0
0.616376 -0.400443 0
-0.400443 -0.616376 0
-0.616376 0.400443 0
0.400443 0.616376 0
0.0600041 -0.436041 0
-0.436041 -0.0600041 0
-0.0600041 0.436041 0
0.436041 0.0600041 0
0.487143 -0.101771 0
-0.101771 -0.487143 0
-0.487143 0.101771 0
0.101771 0.487143 0
0.61377 0.0455968 0
0.0455968 -0.61377 0
-0.61377 -0.0455968 0
-0.0455968 0.61377 0
0.224812 -0.0904653 0
-0.0904653 -0.224812 0
0.0904653 0.224812 0
-0.224812 0.0904653 0
0.679171 0.568827 0
0.568827 -0.679171 0
-0.679171 -0.568827 0
-0.568827 0.679171 0
0.0306587 0.851689 0
-0.0306587 -0.851689 0
-0.851689 0.0306587 0
0.851689 -0.0306587 0
0.907386 0.452438 0
0.452438 -0.907386 0
-0.907386 -0.452438 0
-0.452438 0.907386 0
-0.085246 -0.397603 0
0.397603 -0.085246 0
-0.397603 0.085246 0
0.085246 0.397603 0
0.373881 -0.712059 0
-0.712059 -0.373881 0
-0.373881 0.712059 0
0.712059 0.373881 0
0.890235 -0.454098 0
-0.454098 -0.890235 0
-0.890235 0.454098 0
0.454098 0.890235 0
0.901448 -0.244888 0
-0.244888 -0.901448 0
-0.901448 0.244888 0
0.244888 0.901448 0
0.897181 0.729086 0
-0.729086 0.897181 0
0.729086 -0.897181 0
-0.897181 -0.729086 0
-0.165174 0.751589 0
0.751589 0.165174 0
0.165174 -0.751589 0
-0.751589 -0.165174 0
0.714996 -0.400808 0
-0.400808 -0.714996 0
-0.714996 0.400808 0
0.400808 0.714996 0
-0.605593 0.227624 0
0.227624 0.605593 0
0.605593 -0.227624 0
-0.227624 -0.605593 0
0.735844 0.900535 0
0.900535 -0.735844 0
-0.735844 -0.900535 0
-0.900535 0.735844 0
0.72284 -0.583373 0
-0.583373 -0.72284 0
-0.72284 0.583373 0
0.583373 0.72284 0
0.261751 0.295458 0
-0.261751 -0.295458 0
0.295458 -0.261751 0
-0.295458 0.261751 0
-0.202549 -0.0897503 0
0.0897503 -0.202549 0
-0.0897503 0.202549 0
0.202549 0.0897503 0
-0.429448 -0.293563 0
0.293563 -0.429448 0
-0.293563 0.429448 0
0.429448 0.293563 0
0.06181 -0.914449 0
-0.914449 -0.06181 0
0.914449 0.06181 0
-0.06181 0.914449 0
-0.263918 -0.397993 0
0.397993 -0.263918 0
-0.397993 0.263918 0
0.263918 0.397993 0
0.89442 -0.89442 0
-0.89442 -0.89442 0
-0.89442 0.89442 0
0.89442 0.89442 0
-0.034857 -0.700031 0
-0.700031 0.034857 0
0.034857 0.700031 0
0.700031 -0.034857 0
0.91535 -0.567472 0
-0.567472 -0.91535 0
-0.91535 0.567472 0
0.567472 0.91535 0
-0.246012 0.904565 0
0.904565 0.246012 0
0.246012 -0.904565 0
-0.904565 -0.246012 0
-0.441187 0.373581 0
-0.373581 -0.441187 0
0.441187 -0.373581 0
0.373581 0.441187 0
0.297377 0.138903 0
0.138903 -0.297377 0
-0.138903 0.297377 0
-0.297377 -0.138903 0
0.720601 0.792365 0
0.792365 -0.720601 0
-0.720601 -0.792365 0
-0.792365 0.720601 0
-0.555465 0.917164 0
0.917164 0.555465 0
0.555465 -0.917164 0
-0.917164 -0.555465 0
0.582045 0.521269 0
-0.521269 0.582045 0
-0.582045 -0.521269 0
0.521269 -0.582045 0
-0.236888 0.592672 0
0.592672 0.236888 0
0.236888 -0.592672 0
-0.592672 -0.236888 0
0.238003 0.783441 0
-0.238003 -0.783441 0
-0.783441 0.238003 0
0.783441 -0.238003 0
0.717796 -0.786209 0
-0.786209 -0.717796 0
-0.717796 0.786209 0
0.786209 0.717796 0
-0.571327 0.123638 0
0.123638 0.571327 0
0.571327 -0.123638 0
-0.123638 -0.571327 0
-0.241632 0.786981 0
0.786981 0.241632 0
0.241632 -0.786981 0
-0.786981 -0.241632 0
0.918962 -0.136991 0
-0.136991 -0.918962 0
-0.918962 0.136991 0
0.136991 0.918962 0
0.00450941 0.194729 0
-0.194729 0.00450941 0
-0.00450941 -0.194729 0
0.194729 -0.00450941 0
-0.45067 -0.380794 0
0.380794 -0.45067 0
0.45067 0.380794 0
-0.380794 0.45067 0
-0.0640833 -0.779083 0
-0.779083 0.0640833 0
0.0640833 0.779083 0
0.779083 -0.0640833 0
-0.463005 -0.135658 0
0.135658 -0.463005 0
0.463005 0.135658 0
-0.135658 0.463005 0
0.154406 -0.653699 0
-0.653699 -0.154406 0
0.653699 0.154406 0
-0.154406 0.653699 0
-0.332618 0.617046 0
0.617046 0.332618 0
-0.617046 -0.332618 0
0.332618 -0.617046 0
-0.514199 -0.0570247 0
0.0570247 -0.514199 0
0.514199 0.0570247 0
-0.0570247 0.514199 0
0.763257 0.555837 0
0.555837 -0.763257 0
-0.763257 -0.555837 0
-0.555837 0.763257 0
-0.35 0.924408 0
0.35 -0.924408 0
-0.924408 -0.35 0
0.924408 0.35 0
-0.22572 0.496951 0
0.496951 0.22572 0
0.22572 -0.496951 0
-0.496951 -0.22572 0
-0.566265 0.476477 0
0.476477 0.566265 0
-0.476477 -0.566265 0
0.566265 -0.476477 0
0.683677 -0.482865 0
-0.482865 -0.683677 0
-0.683677 0.482865 0
0.482865 0.683677 0
0.930391 0.640758 0
-0.640758 0.930391 0
0.640758 -0.930391 0
-0.930391 -0.640758 0
-0.813557 0.914942 0
0.914942 0.813557 0
0.813557 -0.914942 0
-0.914942 -0.813557 0
0.932726 -0.649092 0
-0.649092 -0.932726 0
-0.932726 0.649092 0
0.649092 0.932726 0
-0.633816 0.626918 0
0.633816 -0.626918 0
-0.626918 -0.633816 0
0.626918 0.633816 0
-0.316341 -0.59182 0
0.59182 -0.316341 0
-0.59182 0.316341 0
0.316341 0.59182 0
-0.15521 0.9335 0
0.15521 -0.9335 0
-0.9335 -0.15521 0
0.9335 0.15521 0
0.546171 0.406655 0
-0.406655 0.546171 0
-0.546171 -0.406655 0
0.406655 -0.546171 0
-0.0621724 -0.302808 0
0.0621724 0.302808 0
0.302808 -0.0621724 0
-0.302808 0.0621724 0
0.931125 -0.349311 0
-0.349311 -0.931125 0
-0.931125 0.349311 0
0.349311 0.931125 0
0.700858 -0.200222 0
-0.200222 -0.700858 0
-0.700858 0.200222 0
0.200222 0.700858 0
0.39848 -0.821639 0
-0.821639 -0.39848 0
0.821639 0.39848 0
-0.39848 0.821639 0
-0.461357 0.0155417 0
-0.0155417 -0.461357 0
0.0155417 0.461357 0
0.461357 -0.0155417 0
-0.345498 -0.276963 0
0.276963 -0.345498 0
0.345498 0.276963 0
-0.276963 0.345498 0
0.919211 -0.815902 0
-0.815902 -0.919211 0
-0.919211 0.815902 0
0.815902 0.919211 0
0.334794 0.74778 0
-0.74778 0.334794 0
0.74778 -0.334794 0
-0.334794 -0.74778 0
-0.508676 0.835862 0
0.508676 -0.835862 0
-0.835862 -0.508676 0
0.835862 0.508676 0
0.558587 0.824835 0
0.824835 -0.558587 0
-0.558587 -0.824835 0
-0.824835 0.558587 0
0.40856 0.797043 0
0.797043 -0.40856 0
-0.40856 -0.797043 0
-0.797043 0.40856 0
-0.256364 0.160102 0
-0.160102 -0.256364 0
0.256364 -0.160102 0
0.160102 0.256364 0
-0.171965 0.140081 0
0.171965 -0.140081 0
-0.140081 -0.171965 0
0.140081 0.171965 0
-0.635605 0.736921 0
0.736921 0.635605 0
0.635605 -0.736921 0
-0.736921 -0.635605 0
0.68868 0.484971 0
-0.484971 0.68868 0
0.484971 -0.68868 0
-0.68868 -0.484971 0
-0.516289 0.182135 0
0.182135 0.516289 0
-0.182135 -0.516289 0
0.516289 -0.182135 0
0.29878 0.221252 0
-0.221252 0.29878 0
-0.29878 -0.221252 0
0.221252 -0.29878 0
-0.0878513 0.816913 0
0.0878513 -0.816913 0
-0.816913 -0.0878513 0
0.816913 0.0878513 0
0.103507 -0.375108 0
-0.103507 0.375108 0
0.375108 0.103507 0
-0.375108 -0.103507 0
0.742584 -0.130458 0
-0.130458 -0.742584 0
-0.742584 0.130458 0
0.130458 0.742584 0
0.61909 -0.063305 0
0.063305 0.61909 0
-0.61909 0.063305 0
-0.063305 -0.61909 0
0.641716 0.775519 0
0.775519 -0.641716 0
-0.641716 -0.775519 0
-0.775519 0.641716 0
0.00784046 -0.37783 0
0.37783 0.00784046 0
-0.37783 -0.00784046 0
-0.00784046 0.37783 0
-0.662151 0.34558 0
0.662151 -0.34558 0
-0.34558 -0.662151 0
0.34558 0.662151 0
0.771284 0.315948 0
0.315948 -0.771284 0
-0.771284 -0.315948 0
-0.315948 0.771284 0
-0.532795 0.385888 0
0.532795 -0.385888 0
-0.385888 -0.532795 0
0.385888 0.532795 0
-0.179795 -0.427009 0
0.427009 -0.179795 0
0.179795 0.427009 0
-0.427009 0.179795 0
0.0411679 0.93702 0
0.93702 -0.0411679 0
-0.0411679 -0.93702 0
-0.93702 0.0411679 0
0.714054 0.075341 0
0.075341 -0.714054 0
-0.714054 -0.075341 0
-0.075341 0.714054 0
0.0685251 0.163766 0
-0.0685251 -0.163766 0
0.163766 -0.0685251 0
-0.163766 0.0685251 0
0.944701 0.944701 0
0.944701 -0.944701 0
-0.944701 -0.944701 0
-0.944701 0.944701 0
