1 1.5
1.0099 1.5
1.0198 1.5
1.0297 1.5
1.0396 1.5
1.0495 1.5
1.05941 1.5
1.06931 1.5
1.07921 1.5
1.08911 1.5
1.09901 1.5
1.10891 1.5
1.11881 1.5
1.12871 1.5
1.13861 1.5
1.14851 1.5
1.15842 1.5
1.16832 1.5
1.17822 1.5
1.18812 1.5
1.19802 1.5
1.20792 1.5
1.21782 1.5
1.22772 1.5
1.23762 1.5
1.24752 1.5
1.25743 1.5
1.26733 1.5
1.27723 1.5
1.28713 1.5
1.29703 1.5
1.30693 1.5
1.31683 1.5
1.32673 1.5
1.33663 1.5
1.34653 1.5
1.35644 1.5
1.36634 1.5
1.37624 1.5
1.38614 1.5
1.39604 1.5
1.40594 1.5
1.41584 1.5
1.42574 1.5
1.43564 1.5
1.44554 1.5
1.45545 1.5
1.46535 1.5
1.47525 1.5
1.48515 1.5
1.49505 1.5
1.50495 1.5
1.51485 1.5
1.52475 1.5
1.53465 1.5
1.54455 1.5
1.55446 1.5
1.56436 1.5
1.57426 1.5
1.58416 1.5
1.59406 1.5
1.60396 1.5
1.61386 1.5
1.62376 1.5
1.63366 1.5
1.64356 1.5
1.65347 1.5
1.66337 1.5
1.67327 1.5
1.68317 1.5
1.69307 1.5
1.70297 1.5
1.71287 1.5
1.72277 1.5
1.73267 1.5
1.74257 1.5
1.75248 1.5
1.76238 1.5
1.77228 1.5
1.78218 1.5
1.79208 1.5
1.80198 1.5
1.81188 1.5
1.82178 1.5
1.83168 1.5
1.84158 1.5
1.85149 1.5
1.86139 1.5
1.87129 1.5
1.88119 1.5
1.89109 1.5
1.90099 1.5
1.91089 1.5
1.92079 1.5
1.93069 1.5
1.94059 1.5
1.9505 1.5
1.9604 1.5
1.9703 1.5
1.9802 1.5
