-1.36618e-08 2.10401
-0.0196407 2.11728
-0.0196407 2.11728
-0.0257813 2.53401
-0.0257813 2.53401
-0.0257813 2.53401
0.0142241 2.81823
0.0142241 2.81823
-0.0106839 3.70251
-0.0106839 3.70251
0.17327 4.0773
0.17327 4.0773
0.176027 4.72939
0.0373484 4.57254
-0.0502295 4.81385
-0.023101 4.84446
-0.0126252 4.9024
-0.0126252 4.9024
-0.0357221 4.91696
-0.0357221 4.91696
-0.0811206 4.92444
-0.0817351 4.91525
-0.0817351 4.91525
-0.221226 4.90212
-0.221226 4.90212
-0.378172 4.89753
-0.38571 4.77961
-0.38571 4.77961
-0.984945 4.56587
-0.984945 4.56587
-0.883998 4.12016
-0.883998 4.12016
-1.09411 3.49697
-1.09411 3.49697
-1.31161 2.90148
-1.22137 2.80236
-1.36666 2.46981
-1.24267 2.0988
-0.977439 2.23051
-0.965672 1.7619
-1.08606 1.81894
-0.806709 1.58974
-0.807773 1.21659
-0.788714 1.03795
-0.788714 1.03795
-0.809644 0.69925
-0.809644 0.69925
-0.845339 0.529512
-0.808767 0.241187
-0.821196 0.226011
-0.849981 -0.0555358
-0.652265 -6.41371e-05
-0.684537 -0.295713
-0.835086 -0.253825
-0.777074 -0.467622
-0.779322 -0.739026
-0.795362 -0.755186
-0.744229 -1.0463
-0.744229 -1.0463
-1.11558 -1.38219
-1.11558 -1.38219
-1.20581 -1.8414
-1.20581 -1.8414
-0.828769 -2.34881
-1.31492 -2.18735
-1.31924 -2.67218
-1.31924 -2.67218
-1.30335 -3.03623
-1.05571 -3.65552
-1.05571 -3.65552
-0.818382 -4.24289
-0.818382 -4.24289
-0.631166 -4.55291
-0.631166 -4.55291
-0.592374 -4.84191
-0.361828 -4.85547
-0.361828 -4.85547
-0.228574 -5.01578
-0.137278 -4.8931
-0.134635 -4.91737
-0.0900985 -4.94214
-0.0693475 -4.91227
-0.0419302 -4.94117
-0.0267099 -4.90822
-0.0309732 -4.88958
0.0137838 -4.91013
-0.0262797 -4.87924
-0.0074201 -4.7757
0.0963782 -4.82215
0.199851 -4.48829
0.199851 -4.48829
0.333319 -3.85307
0.333319 -3.85307
0.393362 -2.82723
-0.157738 -3.02006
-0.157738 -3.02006
-0.0820449 -2.37439
0.131269 -2.56723
0.060306 -2.13468
0.060306 -2.13468
