0.085 0
0.085 0.000990099
0.085 0.0019802
0.085 0.0029703
0.085 0.0039604
0.085 0.0049505
0.085 0.00594059
0.085 0.00693069
0.085 0.00792079
0.085 0.00891089
0.085 0.00990099
0.085 0.0108911
0.085 0.0118812
0.085 0.0128713
0.085 0.0138614
0.085 0.0148515
0.085 0.0158416
0.085 0.0168317
0.085 0.0178218
0.085 0.0188119
0.085 0.019802
0.085 0.0207921
0.085 0.0217822
0.085 0.0227723
0.085 0.0237624
0.085 0.0247525
0.085 0.0257426
0.085 0.0267327
0.085 0.0277228
0.085 0.0287129
0.085 0.029703
0.085 0.0306931
0.085 0.0316832
0.085 0.0326733
0.085 0.0336634
0.085 0.0346535
0.085 0.0356436
0.085 0.0366337
0.085 0.0376238
0.085 0.0386139
0.085 0.039604
0.085 0.0405941
0.085 0.0415842
0.085 0.0425743
0.085 0.0435644
0.085 0.0445545
0.085 0.0455446
0.085 0.0465347
0.085 0.0475248
0.085 0.0485149
0.085 0.049505
0.085 0.050495
0.085 0.0514851
0.085 0.0524752
0.085 0.0534653
0.085 0.0544554
0.085 0.0554455
0.085 0.0564356
0.085 0.0574257
0.085 0.0584158
0.085 0.0594059
0.085 0.060396
0.085 0.0613861
0.085 0.0623762
0.085 0.0633663
0.085 0.0643564
0.085 0.0653465
0.085 0.0663366
0.085 0.0673267
0.085 0.0683168
0.085 0.0693069
0.085 0.070297
0.085 0.0712871
0.085 0.0722772
0.085 0.0732673
0.085 0.0742574
0.085 0.0752475
0.085 0.0762376
0.085 0.0772277
0.085 0.0782178
0.085 0.0792079
0.085 0.080198
0.085 0.0811881
0.085 0.0821782
0.085 0.0831683
0.085 0.0841584
0.085 0.0851485
0.085 0.0861386
0.085 0.0871287
0.085 0.0881188
0.085 0.0891089
0.085 0.090099
0.085 0.0910891
0.085 0.0920792
0.085 0.0930693
0.085 0.0940594
0.085 0.0950495
0.085 0.0960396
0.085 0.0970297
0.085 0.0980198
